78 36
93 3
14 68
94 62
0 57
69 28
45 56
64 41
55 0
49 86
19 20
56 7
27 4
85 64
81 21
40 46
49 68
15 15
18 16
57 32
97 10
23 95
39 77
27 79
94 78
42 60
8 11
56 45
53 50
28 19
73 4
50 35
43 90
68 88
17 41
52 4
51 96
42 76
3 63
40 40
41 59
95 37
53 23
84 91
41 8
49 37
78 16
43 93
97 71
13 34
24 9
89 65
16 57
84 21
56 34
81 22
73 5
78 32
81 34
52 41
53 16
64 48
7 88
43 73
96 33
9 97
91 69
65 98
27 80
16 42
19 67
85 17
8 35
43 60
5 63
42 21
69 20
18 41
81 69
4 30
77 84
60 3
64 42
26 21
43 58
76 15
39 1
79 1
96 3
96 23
79 46
66 18
64 81
38 83
51 74
57 9
3 60
80 57
60 17
34 14
58 90
52 75
22 55
82 16
2 87
19 7
3 97
44 77
75 56
2 34
55 47
59 64
13 50
25 60
68 40
81 94
12 62
34 19
84 51
82 93
14 60
58 77
42 83
20 78
71 9
94 73
35 36
79 62
20 82
64 45
45 80
8 77
95 88
19 79
43 31
59 57
58 46
54 41
92 19
95 91
30 0
20 11
16 53
8 54
72 58
35 17
19 45
64 47
14 75
75 78
82 82
57 63
8 42
13 9
97 72
69 81
78 61
88 4
X
51 38
5 44
60 33
38 84
30 47
47 45
40 84
96 44
36 94
61 93
39 10
45 30
55 31
7 26
30 35
75 70
49 76
82 58
97 46
46 12
35 27
51 85
26 90
26 11
62 80
58 96
1 10
81 13
90 92
43 38
14 96
30 93
86 44
53 82
41 22
97 42
7 30
18 58
78 86
97 86
45 67
73 2
29 8
70 30
12 88
1 91
78 88
0 73
4 85
48 48
19 56
49 71
72 30
5 60
3 54
84 61
27 22
44 91
23 98
32 6
38 55
72 37
81 71
57 78
73 13
48 79
54 73
27 53
59 75
52 92
6 82
93 62
37 19
14 92
69 23
15 14
49 82
35 37
89 91
5 5
87 70
25 59
24 11
83 87
26 74
80 34
93 71
31 38
40 87
48 42
14 77
20 34
80 59
97 36
39 0
24 40
35 71
60 81
2 76
69 65
34 50
70 7
89 76
54 11
8 27
9 21
98 43
91 41
50 38
66 63
37 1
34 68
49 85
14 58
38 86
66 33
96 27
7 38
32 67
34 17
54 72
96 13
59 59
43 81
34 31
85 22
49 73
41 47
9 92
54 75
78 94
75 38
12 89
7 84
21 54
69 44
69 1
58 97
74 0
79 47
56 38
45 15
48 18
78 20
4 42
61 15
33 89
43 91
52 5
73 46
66 75
4 63
22 62
54 10
79 94
53 87
47 56
26 7
66 87
38 73
26 24
9 81
8 28
X
45 78
81 90
49 49
86 10
78 80
71 43
79 37
43 18
6 24
59 22
62 89
24 71
20 40
45 41
16 74
21 20
26 91
28 61
22 75
96 78
18 68
63 80
39 73
69 31
20 16
1 59
59 78
86 35
61 9
6 74
X
49 2
37 57
75 71
64 94
47 67
75 74
41 42
56 88
72 24
12 45
43 10
13 45
55 98
22 21
50 64
78 68
97 49
22 19
53 96
6 97
45 16
25 83
65 52
5 39
13 17
33 39
84 6
72 26
74 39
90 83
84 88
18 17
93 66
82 9
79 33
36 19
65 44
9 71
95 93
83 46
92 3
7 27
85 61
39 49
60 77
61 10
2 52
2 67
13 47
18 97
53 25
29 80
76 30
76 94
24 38
9 54
49 20
42 1
13 92
89 49
34 55
44 57
17 8
89 38
81 36
6 54
15 25
91 27
10 76
71 63
4 81
32 24
40 17
93 34
2 9
44 82
11 39
41 23
25 42
51 64
20 35
56 51
88 89
47 22
65 23
40 45
28 17
6 45
47 8
2 30
21 27
86 98
0 13
63 26
54 0
79 72
98 79
69 63
98 49
4 7
93 88
64 95
78 3
57 75
54 94
4 61
41 55
76 57
9 38
81 73
92 7
38 85
6 51
4 29
62 65
28 7
48 67
32 87
43 11
16 11
79 16
58 56
67 31
11 93
87 67
61 63
53 26
17 4
48 96
5 68
91 24
46 55
4 27
41 83
87 84
23 8
77 76
82 47
68 77
58 24
49 51
26 13
39 92
91 94
13 95
84 22
76 18
25 67
31 60
74 58
72 52
18 44
5 3
69 74
88 66
59 87
68 53
41 3
5 6
65 7
65 81
82 19
34 28
14 73
10 27
9 11
19 22
54 5
19 93
47 31
16 64
12 61
6 25
3 31
35 45
17 75
28 69
98 53
87 37
31 42
84 74
63 70
44 55
92 45
57 79
60 70
80 5
12 12
4 22
73 17
0 64
60 91
88 88
74 85
3 58
23 44
10 9
38 52
49 11
54 13
68 51
49 59
71 51
94 43
81 20
53 72
78 58
13 29
96 51
95 40
93 90
64 76
73 78
77 54
85 23
37 37
85 40
48 33
62 61
47 95
44 20
12 14
4 34
45 79
5 89
7 48
93 59
4 45
62 46
22 31
5 29
50 40
63 83
54 12
54 64
67 62
24 58
95 44
44 21
90 59
22 97
8 6
72 61
52 83
34 82
44 14
59 56
76 25
49 44
45 88
79 30
83 23
79 67
80 76
41 13
59 46
90 56
79 89
3 81
25 48
74 18
82 15
90 31
24 52
80 50
45 10
90 50
58 69
64 60
17 15
3 56
21 59
66 80
16 47
92 36
78 90
6 95
71 49
6 29
22 22
32 37
32 45
20 29
14 66
38 82
64 1
97 50
73 88
2 38
57 72
98 66
56 27
39 43
33 47
63 48
10 28
1 43
79 8
94 19
6 93
32 65
15 98
23 96
46 9
95 59
5 21
87 36
10 71
36 26
76 20
34 79
26 87
10 98
21 14
78 60
91 12
57 87
13 93
52 57
74 2
77 78
69 96
13 91
20 3
87 87
9 77
35 0
45 18
83 5
5 16
43 87
27 59
3 92
21 19
36 74
85 62
49 81
15 48
40 16
43 66
94 25
39 80
52 95
11 75
88 67
19 14
40 74
21 53
68 23
32 81
73 93
11 2
83 70
79 39
92 14
48 55
22 68
37 12
0 9
42 67
17 88
50 81
23 39
94 90
87 57
24 80
18 34
23 57
52 89
15 63
36 37
46 52
73 3
80 70
76 70
29 65
95 2
68 21
75 85
14 35
29 28
72 1
80 61
28 14
97 85
52 96
83 33
90 66
44 53
59 54
15 88
35 80
7 77
49 7
77 12
44 71
32 63
29 56
79 31
95 68
82 90
76 34
29 55
32 98
27 87
25 19
31 31
37 0
47 64
46 36
47 71
7 11
34 22
89 36
24 57
27 44
73 70
40 88
38 23
X
29 40
44 11
27 86
85 29
50 59
42 57
74 51
71 50
34 20
9 69
30 48
87 33
47 53
6 44
68 32
26 59
5 1
2 11
55 73
41 14
7 28
24 68
70 83
41 39
85 82
97 8
26 36
3 16
19 78
86 46
53 97
73 18
59 77
89 55
87 63
56 46
25 89
95 89
84 60
21 74
74 62
30 55
57 84
54 46
57 6
16 29
92 15
51 95
67 93
53 42
50 4
55 61
70 49
65 29
10 57
14 8
48 28
83 48
32 91
11 30
51 41
55 93
97 2
71 37
37 59
57 29
46 91
7 94
74 55
83 96
65 10
71 60
73 8
94 63
85 56
46 5
47 11
12 39
63 3
74 54
48 72
75 13
19 24
77 36
4 89
57 22
29 89
25 82
1 90
46 62
16 86
55 75
92 41
39 59
50 30
34 80
62 49
24 32
74 32
11 45
65 31
33 67
54 49
82 33
47 40
29 39
3 96
82 39
90 77
6 89
54 2
21 55
43 79
33 65
78 24
12 47
66 8
72 50
89 83
15 21
46 46
35 7
19 96
4 16
94 91
89 81
93 51
53 27
73 71
22 2
18 89
95 86
76 14
57 14
53 20
15 72
67 60
43 33
88 68
50 55
72 74
15 20
88 7
82 5
73 96
70 52
12 21
44 63
63 92
95 27
73 52
51 40
71 59
18 42
70 21
32 93
76 21
66 32
83 10
51 3
33 63
70 66
18 88
14 13
35 95
47 54
36 93
5 43
0 60
37 60
96 21
25 86
80 21
46 13
48 87
75 76
38 13
32 14
73 94
32 97
42 44
19 81
85 8
85 50
70 6
41 35
77 3
72 29
71 57
44 69
64 66
78 1
71 82
56 28
4 41
33 42
86 63
16 79
13 83
58 61
61 23
69 40
9 43
55 91
45 58
91 85
55 71
65 40
15 13
55 57
61 67
63 40
54 15
75 6
27 13
9 15
82 89
88 64
26 30
10 61
53 66
10 18
55 4
74 63
19 44
61 84
77 2
36 23
27 76
66 62
48 78
40 3
51 91
7 90
42 25
90 98
7 98
98 70
70 94
74 89
49 24
74 49
55 77
93 5
69 97
74 71
51 43
35 74
22 59
40 6
75 49
22 74
70 42
83 29
87 41
25 66
84 4
40 96
73 26
39 36
45 94
68 48
77 41
86 36
22 85
76 51
32 55
33 37
39 62
65 50
88 77
19 5
60 0
87 96
12 43
79 83
0 59
38 12
98 62
9 39
14 56
78 67
51 60
97 22
10 25
20 79
85 19
37 86
63 54
66 25
37 58
76 13
90 12
7 16
24 72
79 13
87 51
6 81
77 53
47 58
84 35
37 21
84 9
92 20
5 83
78 81
46 47
67 21
72 71
93 20
57 53
31 8
40 51
50 51
48 46
37 81
85 18
0 97
62 83
66 55
7 55
43 13
98 94
15 70
44 56
58 11
38 29
24 19
59 29
46 3
87 20
62 47
2 81
54 4
57 71
38 22
74 29
77 86
13 44
35 46
58 53
36 42
33 91
7 35
70 96
34 59
10 46
56 89
40 79
22 1
22 63
30 25
77 58
74 27
57 77
84 37
45 22
7 68
9 40
88 27
53 75
40 69
78 17
31 55
51 68
57 61
13 24
76 58
15 7
38 75
37 95
42 15
66 9
7 1
58 86
33 80
93 70
47 86
83 78
94 7
96 22
8 79
32 23
61 64
41 78
88 32
16 84
42 62
24 69
66 10
24 89
49 3
31 50
3 85
32 94
44 7
1 77
25 25
4 38
94 16
58 65
54 3
45 95
25 80
71 73
97 80
64 91
73 27
88 8
80 32
28 81
40 13
4 6
32 78
72 12
85 74
65 56
19 69
45 48
33 50
36 20
84 12
55 24
6 66
93 31
6 67
81 55
86 19
0 56
9 14
41 5
93 93
11 17
62 66
14 82
61 35
51 63
40 85
12 54
41 41
79 81
15 87
79 11
8 16
67 96
37 42
25 23
50 33
9 76
49 47
70 71
75 65
56 61
18 3
49 33
76 84
23 33
29 18
48 86
51 5
81 33
88 34
7 54
79 2
96 56
81 75
42 82
18 43
16 77
27 89
32 88
16 80
32 28
88 49
45 19
90 35
83 22
84 67
92 81
63 15
71 26
2 24
34 87
75 86
70 24
48 53
57 42
41 82
45 68
15 84
46 75
31 21
24 98
88 17
81 30
40 78
36 17
18 52
41 21
97 68
69 92
52 54
85 13
1 15
15 58
46 10
30 89
76 61
8 8
53 19
14 17
92 40
41 65
40 89
52 78
69 48
27 42
10 14
51 33
13 54
34 51
57 11
65 80
19 13
72 7
70 14
60 80
98 96
84 70
55 10
76 43
15 9
31 41
67 40
19 17
60 89
47 78
8 18
75 52
17 77
10 90
36 29
27 57
14 54
39 61
96 10
54 96
92 66
58 31
85 76
8 26
75 50
92 0
36 57
50 43
47 36
79 82
87 28
39 16
1 61
56 23
39 72
67 87
26 14
13 19
16 98
62 27
37 13
53 43
13 78
42 85
32 74
78 52
86 11
20 52
6 52
10 70
86 62
16 69
20 64
56 3
23 3
10 2
55 48
69 60
93 55
18 6
43 21
62 81
98 24
10 86
78 34
62 28
48 73
70 82
49 93
22 64
9 20
60 78
38 19
16 12
47 73
37 32
19 64
61 71
73 39
67 3
26 58
75 89
29 3
23 52
46 71
59 91
5 78
95 71
71 61
31 56
46 11
79 64
93 38
8 14
6 47
29 77
89 54
53 83
78 85
47 15
40 34
33 46
90 86
35 33
42 6
97 90
58 67
84 92
81 10
92 68
46 60
29 36
7 39
17 79
72 43
85 36
41 76
16 52
75 79
38 90
85 6
16 95
58 2
58 45
74 57
39 20
85 30
24 87
62 40
74 94
16 13
14 84
89 69
39 96
78 63
82 8
57 27
95 54
69 98
9 58
2 45
25 46
84 63
72 14
22 45
42 45
43 29
13 81
X
53 38
21 10
22 96
59 39
9 36
75 87
46 63
29 1
55 2
43 75
79 93
74 10
37 83
23 29
2 29
13 73
81 3
36 27
18 95
49 65
88 3
21 40
2 90
30 24
4 67
61 17
58 93
5 30
45 90
2 73
74 36
14 85
49 53
51 47
79 44
22 10
32 20
4 26
72 94
45 36
97 9
23 80
67 51
23 83
35 70
66 72
6 39
34 7
74 38
13 82
17 52
39 14
47 42
95 46
21 82
9 91
7 19
45 1
64 80
56 48
61 88
64 2
22 76
94 80
59 61
62 26
45 11
28 85
20 65
36 56
25 43
78 18
80 88
45 60
94 58
85 53
8 34
70 98
94 82
83 19
59 35
69 58
88 54
72 39
87 19
45 26
73 21
21 52
33 29
30 2
6 3
31 36
47 96
74 16
11 12
45 21
93 6
96 80
74 34
65 11
1 44
78 96
1 88
49 28
94 69
64 8
42 47
42 80
40 0
40 57
41 43
5 95
66 56
49 75
5 9
37 56
85 9
X
68 75
42 22
47 61
25 5
4 58
50 19
54 14
91 73
8 20
82 49
83 34
66 22
25 12
48 66
49 66
74 93
11 25
49 15
69 67
80 67
91 84
3 86
76 35
15 40
65 82
27 3
68 22
94 94
34 13
5 94
12 33
65 41
16 96
4 20
34 34
96 25
51 55
5 18
30 69
60 26
71 27
10 45
45 20
14 94
62 56
9 94
54 85
71 36
81 7
58 18
89 94
60 88
36 7
73 45
64 12
34 52
0 58
X
10 24
34 48
86 88
92 44
40 39
79 96
96 53
65 42
4 82
84 10
33 49
97 21
7 91
4 37
8 19
61 90
89 64
83 14
88 35
46 37
25 31
72 9
93 13
64 57
43 39
1 14
52 2
95 98
97 27
82 50
3 64
64 78
93 16
29 48
33 35
2 26
11 88
28 43
59 45
19 15
32 32
38 30
62 12
90 71
12 73
31 63
61 91
25 87
49 27
2 53
73 55
82 68
65 9
73 73
31 74
72 75
36 40
50 12
6 59
51 7
91 23
52 63
84 29
18 80
16 27
13 55
X
5 0
0 11
5 59
96 69
34 43
98 57
90 33
84 76
75 35
54 70
43 17
55 49
94 31
82 7
14 95
81 31
10 97
58 76
37 78
11 18
20 17
53 53
17 18
44 42
48 65
71 1
98 84
91 71
63 94
24 4
41 95
43 5
14 63
16 65
94 4
83 24
71 56
36 64
14 49
88 25
15 50
13 56
76 76
81 70
71 96
58 66
2 96
85 39
43 9
67 72
73 29
57 81
86 23
70 37
73 30
56 90
42 49
35 31
93 53
2 48
32 16
79 9
62 94
55 1
11 63
23 50
56 47
73 75
92 35
80 90
64 71
82 92
86 2
15 0
63 29
8 72
16 68
77 44
67 42
16 9
37 18
23 5
18 53
94 6
7 82
44 88
28 79
20 76
9 78
93 92
92 72
1 94
28 20
35 93
60 47
12 75
18 33
X
37 80
81 1
58 84
65 51
4 73
65 59
95 53
33 7
22 53
80 87
6 65
57 47
80 15
89 31
14 27
43 50
58 98
16 66
33 94
47 34
51 62
47 27
69 54
9 84
46 14
14 80
82 97
94 3
3 94
35 79
X
38 49
17 26
73 10
55 38
33 82
14 3
54 7
93 94
44 70
93 37
14 12
70 60
67 5
48 89
76 89
56 71
4 43
79 23
33 78
46 53
80 20
34 21
81 50
92 91
21 67
26 10
90 69
45 33
9 16
60 18
3 69
54 22
68 4
60 84
64 82
72 54
91 83
31 40
12 8
96 68
37 79
71 95
3 72
25 81
59 86
6 60
10 41
43 78
30 77
3 57
56 4
20 15
24 78
82 84
74 61
17 55
30 33
47 43
80 26
83 39
50 60
90 82
68 91
82 35
72 20
69 41
94 35
84 77
33 27
9 34
26 48
65 66
59 6
83 64
28 84
76 81
67 37
91 56
1 18
54 27
82 86
85 73
24 83
29 35
12 86
95 25
52 29
27 70
35 42
72 4
22 58
80 44
3 18
87 91
28 70
7 74
21 42
77 55
54 78
51 80
56 53
65 37
88 80
65 45
81 87
7 58
39 5
72 60
76 55
97 32
74 5
28 12
85 55
6 27
3 17
19 55
29 72
3 52
29 21
8 92
18 20
75 55
18 63
20 4
59 36
24 16
86 20
86 87
26 52
21 87
42 61
38 28
55 29
87 42
93 32
2 25
22 70
21 57
60 41
32 80
11 34
63 45
54 82
51 53
94 45
64 37
47 89
46 65
30 60
13 71
59 84
49 58
54 42
12 13
64 25
91 54
12 16
18 73
36 51
24 70
74 24
5 86
16 40
42 75
83 8
33 79
78 33
35 13
83 9
72 56
26 9
7 60
6 72
73 38
9 10
8 48
37 27
3 22
90 57
26 8
33 86
35 41
84 52
83 97
67 24
6 34
44 26
97 45
30 10
38 8
45 92
95 28
72 44
63 84
77 66
50 63
14 59
56 44
70 41
8 76
88 16
98 91
50 77
26 15
71 29
89 28
93 39
41 46
71 77
90 22
55 60
12 42
48 95
17 68
90 38
23 20
19 59
48 3
15 56
25 56
13 60
50 45
57 25
95 56
27 33
25 22
65 6
87 17
36 91
91 75
60 90
87 78
39 60
75 81
43 65
62 90
93 29
80 95
67 91
23 43
29 76
8 32
56 15
7 66
16 5
43 56
96 15
76 41
86 56
43 35
48 8
29 5
77 16
22 32
88 63
24 49
81 79
0 72
11 97
32 33
18 8
81 91
17 66
51 77
27 75
51 20
83 83
12 20
42 70
20 2
20 93
41 9
74 50
66 74
47 87
96 76
51 89
17 60
80 12
50 58
11 55
1 9
2 50
57 82
91 45
45 13
65 94
49 60
36 67
37 48
35 29
20 45
75 17
97 96
81 78
84 73
38 14
98 30
12 60
36 84
15 75
76 22
71 94
77 63
64 61
14 4
8 31
63 12
9 44
98 0
25 44
8 23
19 74
96 65
34 72
37 85
29 22
67 78
52 98
54 93
78 30
68 44
58 91
75 62
6 43
6 53
35 94
95 9
63 23
47 63
96 59
11 74
17 19
93 79
39 47
49 62
61 49
15 22
84 33
31 82
87 66
81 29
51 78
66 28
4 72
43 64
11 65
1 29
66 71
96 47
6 35
66 44
44 66
82 98
1 66
68 79
57 83
13 46
90 75
41 49
17 74
4 53
68 52
17 35
0 86
89 26
37 73
46 77
30 90
56 80
88 95
35 25
24 92
36 0
33 55
48 82
28 4
35 66
87 14
56 95
80 28
22 48
64 6
1 73
28 59
93 14
16 78
15 33
55 23
76 86
68 95
95 31
46 8
33 59
80 66
40 86
93 43
91 76
23 34
98 81
10 16
48 71
18 92
52 22
83 21
69 73
97 26
82 13
70 29
3 35
32 26
95 45
16 71
31 68
58 14
61 25
20 53
38 93
68 10
23 18
72 93
35 47
31 47
14 90
78 4
12 74
67 52
79 65
43 68
24 46
23 22
38 57
95 97
53 81
66 42
35 91
26 62
66 27
30 57
51 58
83 65
18 13
44 22
48 90
61 81
34 35
71 71
89 71
34 86
96 90
92 39
7 46
10 62
75 44
79 4
68 43
46 93
34 64
26 82
8 56
41 54
89 92
80 8
65 57
86 43
40 22
87 93
75 25
52 42
6 75
94 5
34 23
13 21
55 78
75 24
2 51
91 46
30 85
85 83
53 11
77 52
86 34
1 60
85 7
88 52
68 71
8 15
44 61
8 21
29 82
78 87
61 54
3 29
26 75
93 40
81 92
50 57
81 57
13 58
45 0
38 64
21 70
47 41
12 59
86 6
14 37
9 47
6 22
9 49
29 52
79 86
56 56
75 23
13 88
65 61
38 59
46 94
5 40
34 78
79 68
57 96
72 49
66 94
55 87
25 49
12 65
27 45
45 28
36 22
95 62
45 31
92 69
18 45
75 77
94 64
11 60
58 71
75 63
38 26
58 38
12 19
28 27
72 31
73 74
43 69
20 66
62 7
19 75
45 62
64 10
41 87
55 15
87 6
0 52
71 91
9 65
22 17
60 16
22 54
49 90
64 77
7 18
54 51
71 65
3 59
84 47
26 38
41 77
25 26
96 94
8 39
95 10
39 88
72 73
80 31
88 42
77 42
68 82
53 39
4 95
23 68
63 91
53 49
70 58
53 29
56 57
26 77
53 52
74 88
92 53
1 46
65 55
66 2
53 92
64 7
5 41
42 91
64 55
38 95
18 15
95 74
11 76
9 59
77 49
25 33
31 29
21 47
92 5
52 30
73 37
89 46
56 86
36 69
64 9
52 72
50 17
39 19
67 32
39 56
20 25
3 10
71 2
23 65
89 39
90 94
83 49
40 90
30 4
74 9
54 52
20 10
17 64
32 15
5 56
46 45
89 96
65 83
88 43
17 50
6 23
30 97
10 36
30 44
6 15
81 28
2 70
91 42
61 75
17 24
63 42
30 45
30 8
74 33
57 43
57 5
71 35
79 79
9 80
62 39
59 18
28 29
39 74
58 94
1 67
28 13
1 51
34 33
10 69
69 26
3 51
50 80
36 85
82 32
35 43
44 18
6 38
68 89
96 9
94 34
45 14
19 82
62 77
X
83 1
93 21
48 52
20 33
52 65
98 3
81 45
67 75
59 47
82 54
30 22
49 34
10 59
58 40
38 71
23 45
45 75
15 80
68 94
17 11
31 22
84 2
32 17
2 47
48 7
11 35
51 29
86 5
72 8
33 36
20 24
97 34
36 58
50 39
60 59
11 13
1 47
73 32
77 34
84 38
7 95
94 36
1 92
48 76
46 44
77 38
42 18
80 11
54 61
33 34
42 16
2 61
5 96
15 52
35 83
91 0
49 39
2 56
92 63
28 41
98 11
9 66
43 30
44 83
63 85
46 34
74 20
41 26
60 61
51 52
4 21
81 11
29 41
2 92
6 20
48 54
35 14
70 59
35 48
80 94
55 55
64 44
6 11
95 55
3 19
17 69
53 36
14 36
31 19
30 31
75 60
24 30
66 61
86 82
17 57
33 15
4 70
8 45
49 5
38 97
93 22
21 15
72 33
48 75
25 28
1 98
8 70
93 4
43 89
9 93
85 79
44 29
40 47
98 16
38 27
98 13
14 53
48 20
78 46
22 40
82 77
76 38
47 13
70 36
23 30
32 34
92 27
22 91
19 43
54 20
56 78
77 80
40 24
10 22
24 21
88 92
5 32
59 89
45 83
X
74 48
34 49
33 22
57 41
77 75
96 24
65 58
3 40
20 80
40 37
63 61
61 73
73 54
68 63
68 26
33 33
20 30
X
12 83
34 77
19 95
64 3
92 13
22 93
80 91
65 87
31 67
88 96
3 5
61 8
75 16
39 34
31 37
50 11
49 36
92 21
31 23
30 81
15 61
46 7
75 82
77 35
74 80
22 9
85 42
30 54
16 93
24 34
24 41
94 12
8 53
57 46
88 46
10 12
38 89
65 91
58 23
35 9
15 90
52 33
13 97
75 64
31 98
78 44
5 53
62 24
95 38
92 95
54 24
77 50
96 14
13 15
52 46
57 94
7 72
55 6
36 65
88 31
12 82
30 40
42 59
91 95
48 21
77 14
98 41
87 82
9 68
50 37
35 86
95 79
22 80
51 75
29 2
59 95
8 64
44 24
48 70
25 76
87 71
97 23
84 86
53 56
41 96
5 48
8 97
14 83
50 82
97 81
74 35
62 38
29 29
57 45
91 33
63 43
95 29
62 10
47 49
67 30
97 56
95 83
53 14
61 0
10 72
18 72
66 81
10 66
52 59
82 10
11 11
50 24
60 73
68 16
2 10
49 4
90 74
77 22
71 24
22 23
77 48
56 32
4 24
70 73
93 2
49 87
69 62
9 64
67 9
95 32
81 44
66 58
10 20
56 68
11 40
19 90
27 84
57 52
44 19
46 78
25 70
23 97
34 27
64 85
X
13 37
15 76
58 81
73 58
84 68
27 61
74 25
59 4
13 10
23 16
50 73
X
29 91
11 41
80 64
79 58
4 86
40 67
67 82
11 57
68 83
19 51
92 16
38 17
28 68
72 59
98 10
19 76
73 63
48 27
16 35
85 91
69 50
34 57
71 30
13 13
90 20
3 84
91 66
62 75
55 12
91 97
70 27
94 93
58 73
86 52
6 36
53 2
70 67
81 54
25 20
58 6
81 53
83 75
20 60
53 5
17 29
15 97
51 9
21 56
36 83
19 52
67 10
39 27
84 66
30 78
16 91
78 2
75 48
11 19
68 37
6 88
28 76
30 21
82 23
17 58
36 46
37 35
16 21
17 25
32 90
20 21
54 44
87 76
40 76
50 91
58 74
11 10
4 15
0 55
80 3
94 9
43 25
44 95
14 29
0 46
20 96
84 40
17 80
55 59
54 23
0 14
38 80
50 90
83 25
12 69
30 74
55 76
2 35
21 85
26 68
66 84
83 84
33 45
89 35
89 85
26 32
78 28
81 2
13 94
8 85
61 66
42 65
46 32
4 0
1 70
25 45
90 64
31 97
26 80
27 67
85 54
39 64
10 77
67 59
8 52
12 44
26 55
63 81
2 60
10 55
59 55
45 96
40 48
95 43
24 50
74 83
20 94
1 12
91 70
70 13
16 26
81 6
63 44
5 22
21 66
89 52
86 32
57 67
40 5
72 10
52 8
8 55
28 15
68 25
14 26
62 74
92 43
23 74
71 80
48 23
96 77
94 39
77 77
50 89
32 92
11 53
61 2
3 45
68 50
95 13
26 44
83 17
31 75
8 66
7 52
25 4
59 17
83 0
42 2
2 12
90 68
69 94
42 66
10 40
54 6
25 91
98 48
75 88
86 33
77 43
14 10
29 25
14 16
14 72
22 46
70 61
75 1
82 57
29 34
75 80
3 39
70 92
23 71
58 22
33 62
98 89
30 5
56 0
59 48
47 37
27 47
77 73
37 97
81 97
34 70
22 34
49 42
64 56
74 46
36 79
44 10
63 79
20 9
53 41
76 80
77 37
77 46
78 69
38 51
10 26
41 73
5 82
X
34 67
74 19
49 96
34 40
75 94
66 7
10 73
54 60
65 96
22 79
14 20
19 92
66 24
72 38
88 14
44 76
6 83
48 30
83 80
52 44
25 37
12 28
92 4
34 71
16 76
51 35
80 4
66 91
63 93
77 65
77 62
23 40
28 47
98 9
90 95
88 84
20 32
88 33
36 28
18 60
44 84
1 45
60 66
7 87
44 92
83 12
30 9
13 36
34 26
53 84
12 9
36 47
56 24
61 37
75 37
16 8
19 58
41 12
74 74
43 47
74 60
7 63
42 89
74 37
21 7
96 63
21 39
59 27
5 28
89 84
12 78
52 40
98 42
2 57
45 87
45 46
45 51
30 51
0 81
36 38
95 12
33 69
58 62
8 10
17 22
36 32
69 35
74 76
19 89
58 10
89 16
43 57
30 84
73 62
26 46
79 20
73 34
54 43
95 6
37 47
78 45
X
37 15
55 83
79 71
2 82
17 9
26 5
22 78
0 66
39 89
24 60
13 28
90 93
17 65
79 59
64 84
38 6
0 77
45 66
51 71
40 83
16 50
17 49
11 64
31 33
48 97
51 30
47 91
39 84
26 81
48 62
82 22
98 33
66 96
9 3
6 63
78 83
8 84
34 85
9 56
21 98
16 90
6 9
85 67
8 22
67 29
97 79
41 66
24 76
55 27
36 89
48 19
61 62
63 30
28 62
3 24
96 41
46 76
31 20
92 74
83 68
77 59
59 76
59 25
57 88
3 7
0 70
83 88
44 1
92 37
85 70
85 86
54 28
89 70
56 92
54 91
39 70
90 91
70 3
81 56
30 16
55 34
34 89
69 89
92 73
83 89
45 44
73 60
43 72
37 41
37 98
94 61
97 94
32 85
44 8
3 95
29 44
30 50
73 81
14 14
47 94
10 10
71 55
51 81
48 22
81 83
67 61
87 5
78 65
69 61
85 37
37 76
92 51
55 28
55 11
67 2
36 71
23 15
66 19
71 81
0 53
69 51
8 88
93 11
63 37
85 77
13 98
23 92
19 33
30 23
70 26
81 67
93 41
72 69
61 57
X
59 83
92 2
16 88
86 7
87 86
15 41
15 94
61 72
46 29
33 23
19 12
1 96
61 70
28 60
86 77
32 70
7 83
54 32
46 41
21 91
81 17
26 3
22 39
98 46
46 38
15 2
92 6
28 3
42 13
35 59
39 63
11 26
17 3
11 9
9 55
97 84
90 61
79 78
66 53
83 35
68 12
46 49
51 79
93 80
41 11
61 41
59 93
14 62
25 72
25 40
40 20
70 50
87 45
54 84
23 12
68 87
17 89
78 11
91 1
63 86
11 94
78 71
41 89
44 81
88 12
8 29
74 30
8 51
74 59
98 8
75 53
94 29
71 76
61 16
25 54
21 30
94 86
60 23
77 81
3 50
60 25
1 23
62 69
88 65
53 7
59 69
0 22
38 77
95 94
96 86
67 89
52 76
31 34
77 93
18 7
91 57
91 55
25 68
38 79
0 48
81 19
60 37
67 53
67 16
2 65
45 86
X
8 37
53 67
11 67
77 70
76 19
20 20
20 43
48 40
6 10
89 97
18 96
12 64
4 83
10 44
11 83
79 7
21 64
90 62
24 3
73 23
64 18
56 20
12 87
19 10
40 41
27 15
37 33
35 21
21 71
51 90
43 36
68 96
15 55
22 67
7 51
74 23
70 28
87 15
4 60
12 76
12 22
59 80
86 8
59 52
48 38
58 59
18 26
37 22
74 45
71 92
80 85
55 63
41 79
40 52
86 76
92 86
53 21
93 64
72 85
65 38
94 23
84 98
85 75
96 70
59 37
48 37
32 39
27 10
21 96
57 55
14 24
32 48
26 29
57 76
10 35
42 23
87 95
78 38
59 15
88 36
78 95
76 90
82 56
35 38
51 42
28 66
63 64
96 93
18 1
22 98
82 94
66 45
33 13
10 91
66 26
93 35
98 25
31 28
69 2
84 83
75 9
16 28
55 40
24 18
34 60
9 9
89 80
63 8
21 24
29 73
21 8
6 68
34 39
75 34
60 76
68 92
26 69
88 81
81 98
33 43
81 77
66 20
14 91
61 28
80 98
12 66
5 26
44 68
22 43
55 25
89 66
24 47
86 80
6 8
50 50
10 33
56 5
67 54
64 90
35 64
42 96
63 10
40 32
20 13
74 98
30 75
73 9
85 43
66 93
15 49
23 64
91 72
52 39
80 55
6 70
72 95
19 23
76 73
4 25
96 31
71 0
82 34
73 36
9 2
91 35
98 86
49 29
11 92
66 21
77 64
13 27
71 48
95 49
63 82
35 58
79 56
47 17
79 12
44 32
20 75
88 55
17 71
18 21
7 8
96 48
51 24
73 50
16 60
17 2
33 95
60 2
52 74
5 17
98 40
63 46
51 72
51 23
34 36
15 69
6 1
88 70
1 85
44 94
17 51
73 89
8 78
89 32
82 75
2 46
63 78
34 47
65 47
39 79
6 76
44 75
61 76
18 22
3 28
83 90
3 66
82 53
22 60
31 90
2 32
43 19
53 57
28 77
84 34
96 55
3 71
86 14
23 70
11 49
21 61
91 58
75 54
58 43
23 91
93 23
10 29
29 67
54 36
25 77
17 1
43 80
73 25
55 44
59 2
39 46
76 64
57 3
26 43
68 3
87 77
0 93
55 84
77 29
25 75
7 40
2 33
30 94
87 73
89 17
45 55
13 75
40 18
80 7
17 95
28 75
97 54
65 46
53 78
23 28
43 67
7 36
97 91
15 39
94 33
47 24
16 34
48 63
94 32
26 60
76 92
7 81
43 14
62 79
74 6
25 29
43 54
98 39
37 89
29 71
35 60
61 74
92 59
62 48
30 56
22 94
5 35
72 42
45 27
79 17
98 44
42 3
82 38
10 48
79 95
62 17
73 1
10 56
98 22
42 79
35 23
18 79
44 31
73 31
90 54
61 61
95 80
49 74
53 90
70 62
8 17
28 32
48 88
60 62
88 22
7 89
89 20
55 21
71 79
43 76
94 11
49 91
83 18
79 21
34 92
51 70
91 7
80 49
51 19
20 56
25 21
54 57
47 62
26 79
15 57
20 18
3 83
19 83
76 2
46 43
16 6
90 36
8 86
19 54
53 4
20 38
10 49
53 58
93 77
66 54
13 39
4 68
11 42
3 90
97 55
37 25
33 28
25 55
55 13
13 11
59 3
20 1
6 78
24 67
59 7
12 85
13 63
67 71
86 40
54 69
49 88
4 87
89 34
92 55
13 84
80 69
90 21
3 49
51 61
40 50
91 22
16 59
84 14
5 45
13 62
86 24
64 5
69 8
48 35
82 2
1 30
79 63
33 52
62 35
57 37
26 34
23 61
88 13
44 34
47 1
59 60
36 36
26 70
58 75
29 98
26 67
23 81
5 12
58 79
85 60
9 19
5 7
26 31
20 59
55 58
39 15
58 32
15 47
11 43
50 34
6 96
95 1
17 10
57 54
9 87
37 51
48 12
73 72
86 4
51 2
45 89
81 68
15 26
50 86
35 8
32 49
87 31
4 80
34 18
72 45
95 24
53 15
76 42
70 70
7 76
19 35
52 38
65 76
38 66
37 26
93 56
72 76
49 19
87 88
19 34
36 31
67 17
23 82
69 32
69 6
31 70
73 76
4 96
49 79
93 67
26 86
97 41
74 1
24 61
36 21
12 68
96 1
82 24
63 47
22 72
58 63
59 10
45 47
49 56
4 93
52 34
24 88
23 54
35 26
47 14
81 60
47 33
6 16
89 93
91 62
59 41
40 36
25 38
55 36
97 38
12 36
73 33
65 12
76 29
93 42
21 45
3 91
95 85
94 68
2 18
64 24
41 7
83 57
83 91
62 11
16 16
28 40
27 32
24 48
83 20
89 45
19 11
23 1
8 87
47 48
35 11
40 82
47 12
90 15
29 83
5 52
55 51
61 55
36 77
82 96
47 10
55 53
28 8
70 64
10 88
46 88
30 52
44 28
87 30
24 74
96 84
58 64
82 70
55 69
54 40
38 94
86 78
95 75
46 50
12 56
97 44
76 60
56 22
93 81
41 24
62 91
75 40
14 57
71 47
79 49
50 56
63 67
66 39
53 54
21 68
77 32
91 77
62 71
82 18
37 96
70 55
91 40
44 93
90 30
7 65
11 62
57 69
29 0
67 73
66 95
5 88
6 28
34 45
12 41
80 89
14 93
63 41
50 8
16 14
86 31
11 66
7 79
3 9
45 34
54 62
49 40
49 18
41 17
46 1
10 13
94 38
76 1
37 17
80 2
50 13
24 28
86 38
66 3
87 98
32 82
76 50
92 64
39 30
54 74
60 40
93 24
36 61
45 91
6 49
42 48
82 52
75 10
0 63
56 62
66 76
53 6
51 49
5 25
39 65
88 50
81 84
80 29
64 93
18 90
42 81
10 8
60 39
92 57
45 71
78 89
34 32
98 2
72 36
54 29
8 82
63 49
62 16
96 37
9 86
X
55 20
93 72
27 11
52 49
69 82
90 53
53 24
68 93
83 13
50 49
85 63
26 20
72 55
65 19
96 50
5 2
56 81
77 30
25 27
7 78
67 25
60 54
3 33
27 65
29 6
76 98
48 44
1 82
35 18
39 9
74 79
28 67
11 48
61 56
37 29
80 0
1 81
54 39
26 23
65 60
69 64
12 4
1 52
11 82
75 98
23 41
84 72
48 16
60 67
13 70
24 42
98 88
60 75
11 16
42 94
86 13
4 52
14 70
84 64
2 69
61 69
83 3
31 35
30 46
79 66
57 85
0 96
50 65
84 62
59 67
84 20
73 98
21 62
21 44
71 12
10 58
33 14
24 27
58 95
70 68
50 18
55 26
57 21
25 62
47 81
98 74
78 93
6 4
90 85
37 91
7 37
24 43
13 12
82 87
22 71
77 90
86 45
36 92
29 79
78 78
87 22
27 73
56 12
97 40
60 1
20 81
71 97
17 13
89 22
85 85
19 70
1 58
55 56
29 57
39 39
57 12
98 7
73 61
72 27
53 85
90 13
38 65
43 61
83 6
67 8
92 12
89 82
15 5
33 72
16 89
52 48
66 43
15 37
84 8
23 17
58 83
40 59
44 33
91 36
9 45
24 33
53 46
9 22
46 51
43 15
16 58
46 80
89 58
52 64
7 41
53 76
69 29
30 66
91 65
25 88
39 58
67 84
25 47
17 27
88 18
87 74
72 2
12 30
90 84
46 59
8 13
53 69
78 9
21 23
67 44
84 80
17 23
47 93
4 35
35 32
23 6
6 61
30 29
25 58
84 50
50 5
44 30
59 65
10 3
54 16
33 92
39 78
36 76
35 24
56 67
51 6
87 81
8 5
80 86
3 25
96 75
96 20
98 54
35 28
74 82
69 71
93 12
44 89
13 25
19 6
68 29
32 66
X
32 1
14 38
71 28
20 22
14 28
9 18
71 93
5 50
8 25
16 0
98 21
11 47
X
3 82
86 85
2 98
45 42
11 58
52 9
76 49
80 58
97 39
76 83
71 10
76 67
84 5
14 81
45 8
82 69
33 75
23 73
54 47
81 72
30 32
80 48
87 0
28 16
94 53
85 65
40 44
22 11
86 22
83 4
35 65
66 5
66 52
72 0
94 79
42 17
69 66
77 94
40 56
4 66
66 86
46 30
82 81
6 41
66 85
60 24
80 96
89 18
26 37
38 7
72 48
12 34
78 72
37 23
72 3
48 59
79 92
65 92
14 39
18 51
37 43
44 38
32 13
34 69
58 78
83 81
37 64
98 87
46 58
57 4
83 79
9 96
30 41
38 20
77 71
45 25
66 65
71 78
63 28
20 54
7 6
73 85
50 53
89 15
37 49
5 19
53 95
17 56
17 72
9 17
59 63
13 76
48 58
13 49
82 55
30 68
2 72
19 42
40 55
76 85
74 43
57 7
76 56
97 7
62 78
69 91
87 2
95 4
20 74
50 69
59 26
78 64
56 26
52 79
26 89
78 66
25 98
4 88
68 38
5 66
71 58
28 21
66 50
15 3
89 90
90 67
6 71
73 20
43 6
66 57
65 28
63 77
80 10
96 2
10 34
77 83
95 30
24 56
18 35
92 89
46 66
81 0
43 96
56 49
42 11
15 78
93 89
94 74
68 11
25 18
79 57
75 45
91 15
57 92
22 77
59 68
63 36
15 12
31 17
82 3
54 37
49 46
24 97
33 31
29 30
12 35
41 60
23 56
14 74
70 38
70 63
65 93
27 62
33 32
26 40
17 97
24 35
10 15
98 80
65 71
52 23
X
75 7
57 95
82 17
74 31
14 50
17 48
73 87
4 17
8 2
58 39
0 94
36 39
81 46
15 8
45 7
12 84
24 25
15 18
64 27
77 31
12 77
X
13 20
93 83
21 76
52 77
40 35
29 32
34 25
23 69
39 35
96 46
59 62
94 22
64 28
48 47
86 15
7 32
48 39
92 82
2 23
16 10
80 46
58 52
21 25
90 24
32 19
18 40
43 48
83 82
92 28
69 25
80 25
48 41
90 42
61 38
96 85
96 64
95 48
37 90
95 90
74 40
43 49
46 19
3 77
52 16
66 4
12 10
62 23
5 58
78 19
98 65
53 47
90 1
95 3
43 92
55 92
2 1
50 46
86 65
48 51
36 55
82 91
37 44
57 10
66 60
63 56
9 37
24 44
69 39
23 32
78 13
49 63
21 92
38 48
32 62
1 76
39 2
11 98
55 22
44 17
18 2
84 84
82 26
76 75
25 3
50 3
66 23
70 43
50 22
12 29
39 71
98 64
82 66
45 93
30 80
77 88
96 40
23 78
50 23
53 22
59 53
91 18
42 77
52 15
88 51
70 89
0 82
51 73
2 83
74 78
47 82
71 89
58 92
36 63
37 93
27 8
74 86
38 25
19 66
39 26
92 60
98 63
61 39
55 70
26 85
14 78
79 40
58 9
25 61
66 46
66 88
3 67
60 60
63 11
14 79
75 93
89 0
24 55
26 84
89 56
49 30
7 64
79 28
94 57
17 93
97 4
24 91
7 61
48 11
37 62
91 19
47 57
56 39
21 11
83 74
29 78
16 54
40 75
15 89
65 39
41 50
57 31
10 85
97 69
12 98
74 56
70 10
90 60
66 92
97 47
14 2
65 63
13 22
41 20
96 19
91 60
43 7
7 47
9 72
58 47
21 31
62 70
46 89
66 17
14 86
70 97
42 84
10 75
2 58
65 54
28 5
16 25
50 6
94 56
44 79
86 9
76 44
9 98
94 30
12 63
4 48
27 31
53 63
86 21
17 90
97 93
50 68
54 17
74 72
92 30
76 79
85 41
27 2
75 36
38 53
21 38
50 85
39 32
5 14
74 97
51 69
24 86
53 40
55 7
37 63
42 20
89 6
60 68
39 66
22 73
67 46
65 33
98 69
85 66
39 91
86 61
97 53
38 11
27 40
90 45
26 61
43 88
47 92
63 6
12 40
18 64
44 67
31 87
36 41
85 33
52 3
23 38
87 55
68 31
84 7
82 95
89 14
24 17
9 95
35 72
21 46
23 55
83 63
54 79
81 18
56 84
37 7
64 63
56 21
41 94
75 75
58 55
13 38
97 83
12 92
44 59
78 54
91 59
19 60
41 1
82 40
15 66
23 21
79 19
83 73
6 80
34 15
84 94
X
39 55
10 23
3 88
15 65
89 42
54 97
60 28
82 65
91 6
77 28
4 64
61 60
90 23
15 19
41 37
9 26
73 97
87 32
71 64
24 15
X
14 5
83 47
4 1
96 29
78 84
65 74
79 55
2 97
79 38
12 48
98 18
32 64
62 92
71 33
36 24
67 38
74 75
48 80
45 81
20 98
28 51
5 15
51 92
92 96
94 2
69 93
80 9
57 38
96 74
55 43
10 54
44 13
96 72
39 93
81 16
12 23
37 31
7 59
4 74
65 18
22 14
72 88
3 21
37 65
82 14
47 77
79 36
52 7
8 81
28 10
80 13
46 35
74 4
92 42
91 50
98 45
65 34
14 97
10 94
54 71
14 33
27 52
6 30
52 50
64 39
14 9
81 74
50 54
30 79
32 75
87 23
82 83
25 32
41 18
90 25
84 95
63 98
43 77
56 98
76 36
48 68
84 59
61 94
21 93
96 42
78 10
68 17
22 66
60 57
45 39
68 47
82 85
7 29
66 64
75 8
47 51
20 83
29 9
34 62
19 41
21 33
46 39
29 47
97 3
X
29 23
X
2 68
79 91
73 44
53 12
52 80
4 55
23 84
29 74
38 16
54 54
91 52
95 81
83 7
87 83
49 38
77 1
2 28
24 23
44 97
18 11
90 39
96 0
17 78
62 30
47 69
91 13
14 47
78 55
56 41
66 30
30 18
27 49
12 71
32 51
3 70
16 55
42 93
77 87
52 90
39 6
92 54
77 98
26 35
89 86
66 6
72 53
52 85
32 77
97 12
21 4
11 84
34 56
7 71
22 81
59 72
39 85
89 12
31 89
49 23
56 83
82 21
9 57
88 0
71 46
60 55
11 36
78 91
98 12
27 30
48 34
60 83
89 77
48 64
20 67
24 85
84 17
50 88
72 46
34 38
9 48
44 47
61 52
27 43
90 44
55 16
21 35
39 37
78 92
70 93
2 27
79 29
7 23
87 90
31 79
13 74
66 51
64 98
29 45
55 94
46 15
95 15
51 8
20 92
55 68
56 73
92 56
87 9
76 72
16 61
13 7
59 85
15 24
22 33
32 21
47 80
77 20
55 72
57 86
62 36
38 44
56 65
73 51
5 27
12 95
36 33
56 85
98 4
47 29
49 69
32 47
57 13
98 17
44 35
20 7
64 19
21 43
22 92
74 17
11 14
23 79
8 68
12 79
87 54
78 8
68 72
37 53
15 28
88 86
68 41
21 65
95 69
50 2
66 90
72 32
46 4
11 89
17 98
62 8
56 54
43 8
68 84
47 44
8 46
12 58
7 22
28 34
5 37
2 64
26 26
91 67
41 69
8 43
69 49
63 65
26 83
22 18
57 80
5 71
49 64
24 81
29 51
84 18
59 94
96 92
94 60
59 73
18 12
91 39
43 82
87 12
56 60
95 26
27 69
91 51
14 52
66 59
66 41
69 47
41 19
43 34
20 97
87 29
47 20
46 56
8 7
98 85
81 89
32 22
97 13
6 7
56 63
X
15 54
20 23
34 91
32 54
96 91
52 47
87 34
28 28
16 24
1 11
9 6
83 77
82 78
37 94
92 85
41 27
29 66
10 43
43 70
94 76
87 79
40 95
83 85
44 46
76 91
62 57
80 24
80 63
72 28
7 33
22 57
56 36
88 23
13 4
0 87
62 59
21 73
7 21
97 0
4 11
43 32
61 11
69 95
56 79
4 28
59 90
38 87
15 35
33 81
X
7 25
38 18
73 77
76 0
18 10
85 81
38 21
88 24
25 57
43 74
4 2
70 56
10 82
15 62
22 65
78 12
16 51
87 64
10 42
68 62
63 9
97 64
64 38
71 54
4 10
14 61
22 20
38 36
42 86
6 13
19 16
46 82
90 32
2 80
9 33
83 16
4 65
35 82
7 3
88 11
48 17
20 63
15 60
45 61
50 70
36 25
18 29
23 23
50 29
15 42
23 59
97 25
37 84
5 31
98 92
70 45
21 58
8 89
35 85
57 57
36 15
52 82
31 48
82 12
72 68
9 32
61 1
69 5
73 79
88 57
93 54
70 22
12 38
21 77
46 87
26 33
3 53
98 15
73 80
21 79
56 6
66 82
38 96
57 98
46 81
82 42
35 88
30 6
34 63
44 62
70 5
46 28
1 55
37 34
79 34
55 54
42 9
77 15
49 61
54 48
76 40
41 88
65 89
23 11
33 19
66 89
3 38
47 88
23 60
1 0
48 24
86 81
92 34
41 84
10 74
91 74
16 22
78 29
15 59
42 58
80 60
12 55
69 30
54 59
19 21
91 21
45 63
12 27
71 42
18 9
27 85
63 1
38 43
57 24
75 0
38 32
80 97
25 90
57 40
35 22
32 29
71 44
25 6
4 47
80 68
51 22
72 86
29 96
20 19
42 42
82 1
47 65
51 59
90 37
75 43
1 65
6 69
48 15
30 83
62 67
45 49
2 19
3 68
13 8
67 58
88 82
28 86
32 0
44 87
27 6
7 14
43 85
12 70
84 25
57 28
71 25
81 12
94 15
15 16
86 59
98 34
39 75
22 7
24 73
13 64
3 89
52 61
11 23
87 92
68 54
67 80
3 73
47 38
93 76
78 47
7 13
9 35
73 53
50 36
9 79
55 33
50 92
95 95
11 90
72 57
82 51
30 36
75 58
20 77
11 1
7 5
8 44
22 52
96 28
90 16
2 94
89 13
60 92
71 31
53 0
89 33
72 65
37 61
9 50
61 24
27 66
6 14
47 85
98 32
56 91
85 59
69 7
63 31
27 46
88 87
65 86
84 24
80 33
89 24
67 50
62 64
48 81
68 30
53 44
28 53
25 17
40 38
80 36
89 8
37 82
92 62
67 47
71 38
61 40
11 73
5 34
73 49
63 2
41 40
23 24
12 96
97 65
2 89
92 31
53 64
9 82
48 93
47 98
90 14
38 46
26 97
90 55
44 78
19 8
89 25
47 16
14 15
58 42
42 68
54 89
22 6
52 10
36 43
32 35
31 66
19 77
36 11
42 39
36 68
31 18
53 60
35 87
5 91
78 50
97 33
43 3
2 13
30 1
7 9
44 5
9 70
4 33
45 54
59 81
83 62
68 39
70 81
84 89
28 71
20 44
83 66
10 89
87 53
23 27
95 41
53 1
26 39
48 74
44 6
9 85
24 20
89 57
48 57
41 70
79 69
95 42
64 40
76 62
6 56
98 14
0 20
47 47
64 11
85 24
59 16
30 53
26 66
26 54
27 77
12 91
37 6
8 75
50 66
74 96
52 53
59 79
40 2
95 11
43 20
44 80
47 79
67 94
4 4
28 46
92 23
37 70
84 56
78 53
69 80
12 94
7 75
30 87
20 8
63 27
65 88
76 16
8 3
15 85
45 32
91 91
67 92
96 95
10 87
49 13
69 21
95 61
6 33
83 32
12 2
85 28
82 46
35 78
84 87
13 26
27 9
63 24
49 67
8 67
19 25
33 20
48 6
89 63
16 18
52 24
36 70
35 69
67 98
56 14
61 92
98 61
33 70
35 84
16 15
6 77
85 5
23 4
16 97
66 31
34 46
35 57
88 91
92 67
41 6
37 45
44 41
63 53
8 71
23 42
42 92
75 28
65 32
57 2
85 84
32 38
40 49
26 45
40 11
2 14
16 49
56 10
59 23
68 70
85 44
14 48
59 28
89 44
49 94
96 62
91 26
24 93
12 18
6 19
27 27
75 32
71 74
68 60
14 76
29 33
53 77
47 30
11 24
23 26
11 15
41 90
77 68
54 76
27 48
44 36
54 26
50 41
41 91
79 60
38 50
90 97
77 79
27 1
48 32
18 14
8 9
52 25
43 16
48 2
34 58
41 15
71 8
96 54
64 75
12 90
3 26
93 36
75 31
38 56
4 9
5 69
49 55
41 36
78 70
X
2 55
77 33
41 81
34 37
24 77
55 62
16 17
54 88
65 4
10 64
80 82
70 91
52 45
47 19
30 19
89 40
7 86
30 34
65 53
38 41
97 24
95 36
61 83
21 1
21 60
24 22
24 90
49 97
16 70
90 41
12 37
25 41
26 18
16 2
29 84
47 97
57 64
0 65
80 78
24 54
57 59
24 31
95 33
97 87
88 78
64 62
78 59
29 20
11 27
83 56
52 20
69 3
32 36
95 82
98 29
57 91
93 82
6 50
97 37
65 84
19 65
24 29
17 12
8 74
44 16
45 52
27 68
9 8
9 90
7 17
28 1
87 40
29 49
36 48
57 68
91 30
24 12
51 57
38 62
80 79
89 68
86 73
39 87
26 22
55 14
91 31
13 35
71 72
64 58
82 88
13 48
84 16
85 98
0 12
57 26
39 29
72 70
43 23
12 67
30 20
51 54
81 14
79 70
82 76
49 8
90 34
38 92
56 93
11 46
29 43
81 24
79 50
22 29
74 73
5 65
18 25
86 79
17 81
44 9
79 32
8 63
60 22
87 16
46 17
19 53
17 34
67 88
23 76
84 69
37 20
81 47
54 19
62 31
46 40
83 2
92 93
84 28
81 49
91 53
74 70
16 56
98 38
22 87
91 86
49 45
49 22
31 1
23 53
76 54
23 13
44 49
54 45
6 55
76 4
1 56
44 15
58 37
2 54
35 81
54 25
62 6
39 28
22 56
77 40
95 76
55 90
22 38
26 98
12 93
85 34
49 50
94 13
16 33
89 78
15 82
38 60
65 70
87 56
43 84
39 48
16 48
79 41
38 81
25 36
26 42
23 93
54 95
42 90
4 54
45 98
45 29
98 93
10 63
88 6
22 35
49 89
4 12
43 86
39 76
73 7
18 54
1 63
45 50
19 46
35 73
51 65
4 84
40 10
67 95
22 15
14 64
28 30
15 6
53 93
72 51
3 76
3 34
30 17
85 92
13 96
64 26
94 10
93 63
84 57
49 17
15 95
9 51
58 41
96 38
71 75
69 17
64 64
74 41
39 18
76 88
59 74
10 83
62 60
35 68
66 73
72 34
65 72
10 1
56 55
46 48
3 15
76 65
29 10
37 16
72 35
40 73
35 20
74 84
47 21
96 43
12 0
4 32
85 68
X
88 44
9 41
26 4
12 24
39 67
11 28
94 20
33 21
36 60
72 22
50 75
70 12
20 57
41 85
90 18
70 48
82 6
69 52
60 6
68 55
7 20
11 85
39 33
97 58
7 96
73 82
16 3
95 23
78 75
82 80
5 47
21 41
86 86
91 37
81 26
94 54
77 10
32 42
86 60
85 78
20 39
7 56
93 68
37 11
65 5
57 62
25 78
69 79
48 13
53 62
28 73
89 51
6 32
39 54
15 93
60 74
97 17
45 35
97 1
24 24
54 92
78 21
87 94
23 58
76 12
57 65
7 92
69 24
7 97
84 39
83 92
4 40
24 37
55 50
75 92
98 67
68 76
45 17
8 95
72 63
46 20
41 58
19 40
90 40
38 34
7 85
43 83
16 7
70 9
9 83
31 0
84 81
40 7
98 95
75 29
3 55
6 58
46 16
69 4
14 87
47 9
14 34
63 57
69 46
32 25
90 5
50 61
15 83
72 21
6 12
42 87
87 50
84 85
25 93
42 12
84 75
3 80
8 36
49 16
42 88
23 25
20 95
5 13
59 11
68 56
56 8
7 93
19 68
27 5
40 15
6 48
62 41
46 54
1 13
32 50
76 63
40 1
19 88
12 97
90 72
81 9
10 60
84 19
97 15
11 20
89 41
10 39
42 38
29 26
57 60
85 38
83 69
38 61
48 91
54 56
14 21
28 33
62 73
5 70
21 12
59 88
95 87
25 35
97 82
37 14
X
X
67 43
76 59
81 8
63 66
50 71
11 21
88 93
42 50
70 90
4 23
71 90
88 58
68 49
82 0
8 83
56 59
93 57
72 19
63 17
70 35
39 22
18 0
7 12
80 23
33 48
98 35
42 74
62 55
3 74
51 17
91 14
20 51
50 76
26 47
68 28
86 12
50 74
86 64
28 64
64 46
79 88
51 27
80 77
92 94
96 71
88 90
19 9
48 69
30 14
46 42
41 74
32 46
1 69
7 70
78 56
22 47
58 72
5 93
41 44
5 11
90 58
87 18
56 72
57 74
58 68
49 52
69 9
87 24
88 98
10 19
92 33
15 17
60 63
50 20
20 28
40 68
83 50
55 86
33 60
4 56
19 91
61 59
33 74
28 2
16 4
35 50
5 98
62 15
X
29 31
71 13
17 92
43 55
12 17
11 70
96 83
22 41
85 72
39 38
19 18
98 82
61 80
35 56
57 20
52 58
70 47
6 87
37 55
73 42
68 90
74 81
10 92
39 86
35 76
18 78
58 16
45 76
97 51
29 24
16 73
1 35
64 29
69 38
29 19
91 38
36 81
64 86
45 12
70 57
21 34
37 50
81 58
4 19
91 96
74 91
40 33
21 22
89 5
96 30
21 3
28 44
27 81
78 22
53 79
42 56
91 82
57 56
96 82
28 22
97 62
21 95
62 76
42 43
45 85
4 31
90 43
38 35
86 74
54 77
68 81
15 86
5 42
9 42
53 86
25 69
69 36
44 39
25 52
4 59
21 9
96 96
53 91
16 1
81 80
71 53
4 97
47 66
41 45
18 56
54 87
52 19
47 35
43 2
62 37
95 92
63 18
13 18
5 67
85 32
46 95
4 39
26 27
38 74
37 67
12 49
83 59
66 29
35 67
3 93
55 41
36 44
31 45
52 35
36 80
17 59
26 50
9 46
18 82
48 49
26 53
38 70
79 0
94 81
67 7
88 45
32 18
86 55
28 25
39 23
85 11
31 3
74 95
20 69
41 62
93 30
39 52
65 95
25 7
7 53
77 72
29 85
28 45
66 47
79 3
17 42
7 15
62 50
87 1
8 4
0 21
22 61
95 58
63 58
30 28
60 36
93 15
14 65
60 48
67 4
5 38
15 68
43 22
61 78
62 72
91 25
26 25
2 77
21 69
37 68
28 26
10 47
23 19
39 31
61 48
32 89
36 16
80 75
67 48
32 71
37 52
36 78
45 45
33 93
58 15
88 56
20 71
14 25
85 10
21 78
36 95
7 50
44 0
58 34
5 84
17 28
68 78
3 1
97 19
37 46
35 77
40 14
88 15
84 23
20 46
6 37
51 18
67 23
75 59
79 85
89 75
7 49
96 39
86 30
38 91
32 86
6 5
13 85
0 67
73 56
63 52
5 8
17 61
18 81
40 53
73 57
33 88
35 15
36 87
26 88
28 9
90 96
25 97
42 14
31 16
24 13
93 7
38 47
47 72
15 51
89 74
8 94
56 25
65 75
41 86
51 39
89 1
96 81
70 65
93 28
34 74
81 95
58 17
38 63
40 42
26 6
49 80
3 98
81 93
54 50
60 72
63 16
54 31
22 5
0 76
21 13
47 55
6 86
55 52
57 93
83 28
23 31
51 48
73 14
34 24
23 77
72 96
0 45
36 66
91 93
0 47
28 48
28 31
37 30
43 63
36 82
50 28
34 81
97 70
33 85
89 98
73 19
47 46
95 0
46 61
59 82
44 65
46 96
73 24
1 86
1 53
97 66
75 61
47 32
18 74
18 93
16 41
79 22
55 67
81 88
53 13
25 50
17 70
77 60
69 59
94 72
28 18
1 57
58 3
56 11
10 11
14 11
39 83
84 82
38 76
64 89
30 42
72 64
38 67
93 73
43 95
95 63
94 89
17 73
38 42
87 11
83 98
8 80
74 3
57 39
5 85
22 8
21 63
0 10
69 57
5 64
3 23
42 69
87 8
14 55
53 68
94 28
39 95
69 56
73 83
49 78
3 6
41 56
21 97
12 72
47 50
30 91
98 1
66 70
49 21
15 92
19 72
70 4
39 25
4 5
62 62
2 88
72 25
26 64
45 53
84 3
31 80
40 19
70 72
44 40
91 68
75 22
53 89
24 82
44 27
81 23
45 59
32 40
91 5
47 76
1 93
12 11
67 79
15 38
73 22
35 75
31 69
56 1
97 63
7 67
77 9
93 33
29 46
6 6
4 77
18 98
62 29
5 49
53 37
49 77
51 21
33 24
39 50
57 44
89 23
24 45
69 37
55 39
12 15
54 80
X
18 91
84 32
11 68
70 54
35 51
X
98 47
95 57
72 40
98 26
50 96
66 36
6 46
54 18
66 48
79 90
50 42
10 65
15 74
77 4
94 24
66 98
50 27
94 21
47 39
49 72
74 7
58 60
49 41
37 28
65 30
82 79
31 81
63 71
45 77
30 82
56 43
64 43
43 24
42 37
84 36
77 92
1 87
4 90
11 37
33 51
60 64
69 78
25 39
17 33
32 60
49 70
15 4
75 57
77 61
2 91
65 64
63 72
50 47
70 74
51 76
1 24
76 77
54 53
27 12
48 29
6 2
48 94
56 58
27 7
49 35
12 53
13 53
48 92
72 67
89 67
49 92
15 79
31 46
71 14
36 14
59 33
55 45
27 28
59 24
25 34
50 21
79 73
75 73
74 77
25 92
22 4
95 5
80 14
33 71
32 59
84 13
29 90
11 87
60 27
56 82
65 43
56 2
46 31
16 19
95 96
27 20
8 90
92 38
6 64
51 10
49 54
32 79
22 12
13 72
83 60
82 67
5 4
19 19
35 89
2 66
52 17
89 43
28 23
87 4
43 71
65 73
55 89
78 37
79 45
86 29
63 19
91 43
24 39
27 29
34 11
35 40
86 70
64 65
53 51
64 17
72 87
94 14
22 16
93 60
18 18
15 1
23 94
21 16
X
88 26
63 55
61 46
45 5
67 76
79 54
14 71
28 52
69 70
34 76
9 23
85 31
47 18
89 50
53 48
25 85
0 51
4 44
60 35
3 87
59 70
80 71
70 23
97 95
89 37
51 56
60 82
79 24
80 56
41 2
78 23
11 71
61 27
60 69
92 88
68 61
23 36
44 25
58 25
30 67
4 13
9 12
41 93
33 25
88 94
27 23
1 95
52 81
50 78
33 68
47 23
50 52
42 19
15 11
6 79
41 0
11 29
26 49
8 65
77 85
97 48
76 17
13 41
72 18
2 63
46 92
18 57
73 0
25 24
34 0
48 36
97 20
52 62
93 74
46 79
38 78
38 45
94 0
48 14
86 94
72 13
8 38
88 71
18 55
8 98
41 68
58 33
4 78
55 80
31 6
90 52
25 11
53 73
41 63
50 87
53 3
67 83
3 11
87 13
83 93
35 19
X
X
12 6
X
X
5 33
X
X
40 23
X
X
38 37
4 3
31 57
X
X
X
63 25
X
X
73 86
14 7
95 77
65 90
X
23 2
76 71
87 52
0 68
X
X
X
X
31 71
52 73
61 85
31 86
10 17
X
77 89
56 69
23 75
24 59
85 51
X
18 27
76 93
X
X
17 40
58 4
X
77 13
3 27
6 85
43 94
X
42 36
11 69
54 83
X
20 27
28 58
X
78 31
X
X
X
X
X
49 57
17 7
X
X
90 17
X
X
X
58 26
X
7 10
28 83
21 94
X
X
X
55 79
5 10
X
X
X
X
22 44
54 58
X
14 88
12 7
42 24
91 20
6 26
98 50
X
X
91 92
15 64
45 40
X
98 68
X
87 43
X
51 25
X
48 50
X
20 72
35 62
X
0 98
24 6
70 32
22 13
X
48 85
94 92
34 88
66 37
37 66
X
X
X
X
83 38
42 78
X
41 57
76 28
X
X
X
X
69 53
X
29 97
X
X
X
X
9 60
X
X
16 81
X
82 74
8 30
X
X
X
X
X
61 26
77 47
63 7
55 46
27 41
75 33
79 14
X
1 64
X
28 74
29 75
X
X
X
17 84
5 97
X
X
19 73
86 18
X
4 69
X
6 90
X
43 59
40 25
71 7
51 34
28 42
28 50
80 45
X
X
53 74
X
59 96
63 76
81 86
X
X
75 21
X
43 62
73 95
53 28
X
21 17
87 49
12 1
X
X
89 53
X
60 56
X
58 80
29 50
4 71
84 1
X
65 69
31 92
X
X
13 86
27 39
87 44
22 69
X
X
X
65 8
51 86
X
55 85
X
57 90
30 30
X
1 27
92 22
X
44 37
X
30 98
X
X
X
67 57
43 1
X
80 93
X
1 48
X
2 59
X
69 72
36 52
X
X
77 91
56 29
98 31
X
4 51
X
87 46
X
13 79
X
X
40 12
44 96
X
56 31
85 35
1 97
X
83 95
X
18 19
82 20
8 40
X
91 63
X
X
74 64
X
91 44
62 93
X
X
94 59
46 18
X
58 85
X
X
86 53
96 26
68 98
79 61
X
X
X
47 52
X
X
11 33
21 29
10 67
77 69
12 46
79 87
X
X
76 66
X
X
63 38
X
18 28
60 71
X
8 96
X
33 64
X
41 92
24 53
X
20 14
X
55 32
35 39
X
X
X
X
30 37
95 47
X
29 81
39 97
42 10
X
X
X
31 93
21 21
X
X
X
X
75 91
X
53 18
41 10
33 11
88 83
26 76
X
X
56 42
15 77
75 46
X
81 96
55 82
22 42
87 35
35 92
15 27
42 5
X
X
X
X
80 54
X
7 80
69 55
X
74 21
37 92
X
57 33
39 11
70 46
X
X
69 68
30 26
X
36 72
36 73
67 41
55 88
X
X
X
X
54 38
X
38 68
46 33
93 27
X
X
X
X
68 24
X
X
67 55
X
X
15 53
96 36
78 35
96 32
17 20
33 66
49 14
44 90
X
87 3
95 70
X
30 86
X
X
77 56
X
77 21
X
X
57 73
65 17
76 78
19 71
X
X
20 73
X
X
X
66 40
X
59 40
X
X
83 40
X
54 1
X
51 50
36 30
92 70
70 31
86 54
X
93 91
74 53
77 51
X
11 91
79 10
13 89
X
4 49
70 8
4 50
X
27 60
X
28 57
55 19
95 65
39 53
X
X
X
X
76 53
X
41 67
X
59 66
32 41
X
X
52 21
27 14
17 6
55 5
36 49
5 74
61 65
X
X
17 96
X
X
80 47
X
11 72
X
41 38
94 70
6 21
X
X
46 21
X
69 22
23 35
22 95
X
27 64
27 21
X
4 94
X
X
X
37 87
78 14
27 90
67 63
X
X
X
0 50
X
X
X
26 78
X
10 32
90 63
X
90 26
X
X
7 4
X
X
78 79
74 8
X
X
84 78
X
X
X
0 69
5 20
82 31
85 52
85 80
47 70
X
X
X
17 91
X
X
36 45
X
X
5 87
8 91
28 91
73 16
82 48
X
53 61
X
X
38 31
56 52
X
73 35
40 60
X
29 42
39 90
11 56
X
X
0 15
X
X
X
93 69
X
20 42
X
9 25
86 37
96 89
61 36
32 31
68 80
83 61
81 85
60 29
X
X
X
X
27 78
X
98 78
20 70
70 80
X
X
X
X
96 49
X
11 59
80 65
X
30 15
88 28
X
91 16
X
11 8
X
75 30
82 25
20 41
X
7 7
X
5 90
X
X
13 14
71 34
X
19 57
10 68
74 22
X
X
X
X
58 57
98 71
54 63
39 17
28 78
26 28
64 96
X
6 42
1 19
71 70
35 63
97 43
X
X
86 42
33 18
X
57 23
36 86
43 53
23 90
X
X
X
45 37
39 21
X
X
31 2
X
X
56 94
X
20 62
X
X
X
41 75
X
69 90
X
13 16
54 90
X
X
3 30
X
86 83
X
95 78
X
42 95
X
66 66
X
42 63
32 2
53 17
X
64 72
X
72 89
X
15 91
X
59 71
47 28
8 49
63 35
18 62
88 2
22 30
71 32
13 61
61 89
90 0
6 94
96 45
27 74
77 17
X
51 51
48 45
X
X
X
X
50 72
59 38
X
84 65
67 81
71 52
X
48 77
X
96 57
X
X
X
X
15 10
76 23
X
X
X
X
24 26
35 49
48 56
X
17 14
X
X
X
5 55
X
28 49
X
X
62 9
94 83
X
X
47 59
X
X
27 83
17 16
33 26
44 58
46 64
78 82
97 92
X
X
63 75
24 75
X
X
61 77
67 45
41 48
0 95
40 9
85 16
X
X
39 45
31 94
X
43 28
X
88 5
67 74
78 15
X
39 51
X
15 96
16 92
X
3 32
X
X
X
57 51
X
80 30
X
X
X
92 92
X
X
X
52 60
X
42 7
13 40
17 5
60 86
94 77
86 3
67 77
X
X
X
75 51
X
X
10 84
X
6 84
34 65
X
50 79
57 34
50 67
10 37
51 4
12 25
13 87
95 14
93 78
27 34
X
65 62
44 60
X
39 44
80 92
30 39
X
13 77
24 84
X
18 71
23 7
67 26
X
4 76
X
25 84
X
49 12
53 80
40 77
X
X
97 57
X
X
98 51
87 80
X
76 87
27 91
67 39
X
X
94 27
X
5 61
18 75
14 18
X
X
62 25
44 54
X
21 28
50 62
X
X
36 62
26 73
50 7
80 1
X
X
8 47
95 39
75 72
1 68
90 76
90 46
70 44
X
90 70
38 33
X
10 93
28 80
X
33 87
25 30
87 85
X
15 34
24 36
9 67
14 19
X
11 22
1 72
36 50
X
26 12
X
8 93
X
32 3
X
29 68
73 59
38 58
X
X
19 80
X
62 51
14 69
X
X
X
24 95
83 94
23 37
X
X
96 11
X
X
18 59
76 24
8 41
56 9
79 75
39 82
64 49
X
X
X
X
20 58
23 72
X
23 47
47 60
52 56
67 70
X
7 2
89 62
58 7
X
25 53
29 37
81 25
69 83
52 51
X
29 4
X
X
11 61
8 50
43 37
56 87
3 12
48 60
21 2
60 85
X
33 17
91 34
77 67
X
60 53
65 65
X
6 40
88 41
X
91 98
31 26
66 34
X
X
31 25
X
87 7
X
45 82
97 67
85 25
X
X
17 17
X
39 57
X
94 44
X
24 94
83 26
X
18 65
11 86
X
79 15
X
X
X
48 31
X
47 7
X
8 12
13 23
X
81 48
X
X
X
27 82
83 67
52 6
X
53 65
20 55
72 47
72 72
X
X
58 54
37 77
77 24
90 51
X
91 4
2 86
38 0
54 21
53 59
X
86 41
X
X
X
74 92
61 47
39 68
64 59
X
X
50 48
10 21
X
31 39
X
X
6 98
67 22
X
94 46
94 55
27 98
X
X
45 24
2 0
52 52
73 43
11 54
X
79 84
30 43
36 88
37 36
65 49
X
X
2 49
27 58
47 6
70 20
X
X
65 48
59 92
X
X
31 32
X
17 54
38 1
X
77 45
45 43
62 88
28 72
18 5
34 95
X
X
44 48
X
53 45
X
X
X
26 41
X
X
X
X
97 59
X
79 5
70 95
81 66
94 37
80 22
X
34 41
88 53
8 57
56 33
52 91
85 20
90 65
X
X
68 42
61 29
X
X
X
74 87
66 83
82 73
13 59
X
58 21
X
X
X
X
X
61 53
X
X
5 51
52 18
83 86
13 33
X
44 50
X
15 71
35 10
54 86
84 79
33 38
21 72
87 38
95 64