51 90
X
89 1
177 26
186 66
41 193
141 89
15 24
133 103
25 181
126 37
3 141
104 112
6 130
X
91 22
5 186
28 123
162 152
X
191 166
168 31
156 68
X
29 116
50 51
176 118
41 183
190 195
104 24
133 161
158 13
74 99
182 30
148 64
55 145
86 191
67 105
55 33
107 187
137 176
153 30
115 179
54 36
151 180
56 106
X
152 184
X
158 49
157 60
88 70
103 27
167 179
57 140
28 116
126 31
36 103
83 136
126 100
163 117
114 92
101 5
189 194
140 160
86 72
31 120
172 176
122 110
62 163
84 74
45 39
170 134
161 78
8 146
8 71
84 101
48 158
162 169
42 44
99 88
19 153
160 93
X
34 54
157 12
128 30
27 49
35 139
81 47
109 133
35 103
52 168
173 19
66 178
15 133
93 129
136 76
121 107
186 67
65 117
124 121
70 86
178 60
162 93
78 147
158 42
143 144
5 182
85 164
33 153
132 127
27 137
111 99
36 139
88 9
136 119
168 181
157 143
32 94
107 180
7 77
90 10
132 63
160 18
155 190
130 31
192 18
15 51
22 32
64 74
121 40
169 102
156 180
139 98
76 174
74 157
175 168
148 102
31 153
170 110
5 193
37 90
11 177
24 124
123 162
81 3
157 1
49 193
6 50
182 39
13 24
89 155
60 59
71 75
160 36
29 161
152 56
163 96
177 81
56 20
62 95
156 190
45 108
137 145
134 56
64 8
X
87 167
14 141
172 142
147 132
100 147
102 98
168 161
162 120
145 57
179 28
90 196
169 59
11 89
110 163
1 163
26 165
X
177 70
69 106
137 96
131 52
41 70
60 85
195 187
120 193
166 101
51 144
50 84
189 73
137 16
13 10
142 105
X
172 31
194 95
32 110
107 17
142 33
124 68
170 72
15 119
159 156
129 48
196 183
34 189
72 194
168 26
113 27
108 39
173 53
12 102
81 128
168 56
X
77 180
53 88
73 188
191 41
102 72
89 54
26 185
190 178
155 192
184 136
172 28
19 156
128 97
74 31
148 105
79 180
109 187
64 51
142 39
43 119
35 185
69 16
X
126 71
12 107
125 124
24 120
54 151
37 89
X
75 29
45 105
X
10 11
96 64
84 96
8 98
108 34
182 106
61 188
125 84
125 89
26 169
30 190
92 89
136 70
192 86
76 145
41 98
177 168
149 66
79 119
71 138
80 36
194 118
69 2
186 138
176 109
21 5
111 98
155 176
71 162
192 78
93 131
139 14
160 133
160 14
98 19
X
140 181
108 187
169 38
148 134
187 88
192 60
6 133
105 36
45 44
69 49
X
42 37
134 101
191 58
183 35
145 52
189 174
143 45
155 11
49 27
87 84
121 146
12 80
141 120
186 155
155 85
138 18
109 148
180 30
145 67
194 183
93 24
126 3
42 63
192 181
158 36
44 123
47 55
177 141
5 171
154 49
6 58
100 150
195 115
145 134
191 160
5 103
120 124
189 167
97 52
38 43
104 162
188 160
112 39
180 35
41 62
160 106
109 110
126 183
176 134
111 167
23 195
21 63
27 98
8 150
20 63
25 41
X
50 190
73 150
165 155
191 86
133 159
63 48
81 44
47 104
117 24
127 4
194 97
65 31
121 78
15 26
146 114
55 168
145 188
84 136
180 158
35 144
189 130
87 147
114 89
X
125 109
48 108
X
32 56
67 40
142 59
28 16
70 44
120 161
146 148
31 53
123 31
3 178
88 122
125 145
X
26 184
113 138
143 54
56 151
132 128
187 90
148 144
19 102
162 38
53 102
22 68
76 83
121 80
6 140
145 29
105 26
8 112
166 167
151 31
96 167
113 149
56 89
61 11
140 154
50 150
181 186
183 50
174 30
195 142
188 13
15 106
27 74
88 189
X
38 44
X
41 40
109 171
19 121
144 120
141 123
157 145
160 62
8 120
151 181
147 171
X
148 52
32 155
62 159
102 175
16 89
96 69
23 21
53 32
81 28
175 160
102 19
162 123
113 11
185 165
20 122
195 117
36 110
125 47
145 102
86 192
95 14
84 137
53 154
187 20
11 67
124 183
176 130
85 82
132 113
6 25
117 144
161 84
125 51
150 28
93 82
54 24
127 109
141 173
66 7
20 17
92 53
68 56
38 65
29 160
73 162
X
43 46
70 76
42 82
158 38
179 2
24 47
1 22
100 195
30 160
188 92
90 42
110 57
X
94 93
102 18
25 78
178 172
163 94
155 12
38 56
112 179
45 106
61 5
94 69
37 135
99 25
183 39
191 193
56 6
X
117 7
74 56
159 94
127 176
185 91
108 84
X
174 164
8 123
181 69
121 42
162 37
138 94
102 172
174 76
81 46
21 154
122 80
83 81
6 146
57 188
X
188 114
123 175
20 187
157 10
93 113
X
12 67
193 97
156 191
64 14
38 66
25 165
12 104
41 49
29 28
68 179
143 36
137 101
55 155
86 119
111 190
118 81
174 52
191 39
78 98
93 22
23 6
57 193
138 77
83 88
75 64
90 158
115 175
68 139
50 77
103 124
13 36
182 93
64 45
29 94
139 154
88 29
52 30
142 42
25 191
80 12
43 155
10 88
13 142
51 113
98 107
145 64
174 26
88 101
145 191
24 17
14 179
169 29
127 52
69 74
182 92
17 167
160 55
86 170
138 92
168 40
X
39 36
1 43
50 115
170 177
X
35 75
194 47
13 26
67 171
104 123
177 18
85 34
20 121
100 164
192 171
13 13
169 18
82 141
91 64
52 144
151 37
34 124
179 72
110 162
28 168
41 142
7 88
65 103
171 120
100 148
139 16
139 105
148 54
17 179
125 122
147 75
76 162
154 142
147 134
94 81
132 104
137 22
74 80
75 63
134 23
148 55
181 96
187 169
66 12
97 33
169 139
56 108
127 35
68 102
111 110
X
83 141
103 125
152 31
187 168
29 6
31 195
113 6
108 32
15 191
162 127
140 13
33 125
170 192
141 122
76 90
137 121
192 38
138 161
41 88
169 74
157 57
75 122
195 145
72 190
33 184
55 32
161 170
85 27
124 47
103 153
134 191
74 125
38 67
129 162
159 54
52 141
26 12
137 146
3 161
84 75
126 130
X
37 51
7 14
42 158
56 73
44 76
160 174
53 24
77 34
92 64
75 163
175 170
73 6
72 57
118 68
96 159
156 155
54 68
56 152
165 178
53 137
76 48
104 68
130 29
6 26
21 83
36 18
164 172
110 132
X
194 180
142 14
181 71
55 104
37 175
26 168
194 56
6 137
73 88
180 50
143 190
178 168
106 19
90 54
151 137
52 44
117 9
X
83 164
178 158
161 30
48 47
39 112
48 166
108 123
168 123
23 183
79 16
101 17
51 52
74 166
118 86
176 20
170 179
127 100
196 95
89 149
92 91
51 119
188 12
96 164
115 163
176 197
127 183
184 38
28 15
65 172
41 157
14 57
45 2
95 159
103 159
115 51
44 82
116 67
133 146
54 147
X
144 106
146 118
11 79
5 30
192 35
3 163
178 117
132 161
13 53
176 95
155 196
25 52
27 45
4 93
104 39
168 188
43 50
93 118
188 167
64 3
125 35
180 117
70 164
184 190
187 92
35 135
164 168
188 88
130 25
166 169
16 90
13 177
87 157
148 133
4 176
4 91
21 84
122 132
80 142
96 166
168 39
41 192
122 124
93 80
172 163
X
53 192
179 62
140 16
130 71
29 41
52 171
126 1
36 145
131 39
4 119
33 155
X
68 60
161 95
75 135
62 35
189 115
43 3
176 17
141 92
131 40
13 11
12 132
99 100
20 152
20 5
48 169
180 191
157 68
39 171
X
28 72
43 164
127 85
30 146
52 163
147 118
6 60
108 160
X
103 50
33 95
51 50
192 118
92 113
4 163
100 88
40 196
35 152
37 74
74 63
3 21
51 158
18 178
127 111
88 98
6 147
184 27
10 110
125 170
24 42
57 139
98 88
122 29
155 38
5 133
154 103
6 52
145 195
84 17
99 19
121 154
120 121
159 169
13 70
35 20
56 120
177 138
161 118
162 21
X
93 79
195 2
95 54
65 1
180 2
164 5
134 99
192 5
54 179
77 80
102 6
173 62
14 140
84 141
169 27
75 83
X
44 182
181 102
166 83
130 156
168 76
159 42
74 189
163 118
194 78
28 12
9 30
42 41
133 160
136 103
143 197
123 173
84 19
22 63
7 104
X
56 190
17 9
194 31
178 30
51 167
178 124
70 70
128 91
14 130
135 177
52 14
61 182
78 149
83 49
148 166
161 174
186 90
140 184
67 172
77 27
122 162
61 177
41 31
28 45
179 122
107 86
79 137
73 194
118 69
64 116
17 5
157 136
155 82
152 21
139 72
75 177
58 58
121 187
30 108
173 160
24 117
79 75
133 163
39 18
21 156
115 47
68 57
101 61
135 176
46 39
121 39
26 170
151 40
162 74
15 27
192 158
106 61
68 177
86 114
129 183
89 58
61 192
143 102
95 24
90 104
96 81
16 106
105 181
123 26
15 25
87 30
193 48
45 157
25 12
11 88
59 7
191 18
113 101
64 114
33 52
160 139
120 13
24 19
13 25
84 21
159 157
53 29
105 153
22 147
104 109
110 98
167 6
123 170
170 31
90 103
176 143
110 73
105 27
55 114
28 50
53 181
X
95 138
52 68
29 115
47 49
175 91
180 186
5 141
167 86
140 162
89 173
89 154
33 96
121 192
72 67
193 142
32 185
159 36
150 116
X
141 91
99 5
66 5
149 67
26 42
31 97
X
93 25
193 193
165 90
178 157
190 35
81 45
20 33
126 39
16 105
X
X
53 182
31 119
177 109
158 124
97 83
187 154
134 171
147 143
70 163
117 27
169 28
112 142
17 168
78 14
62 1
X
61 176
158 123
71 139
59 87
120 158
89 2
28 125
159 106
98 174
146 52
93 197
X
56 192
118 192
28 74
165 88
84 68
189 79
142 30
177 20
167 161
128 191
171 178
104 89
138 110
179 82
71 189
41 95
52 90
64 172
190 74
75 34
130 163
192 145
39 39
53 139
51 150
33 29
X
X
25 84
7 30
17 56
182 109
65 8
93 89
166 153
177 145
X
179 16
74 87
49 15
88 114
128 39
45 9
167 91
124 110
33 5
110 161
70 36
70 8
31 149
150 6
20 118
120 37
131 58
69 138
26 114
78 122
153 171
14 139
74 27
124 89
10 154
12 5
63 158
6 24
34 106
21 68
65 118
86 35
181 101
X
131 54
129 159
183 107
154 134
67 72
49 43
74 86
149 30
4 75
146 56
153 37
87 120
85 99
127 67
149 164
12 11
178 32
45 36
3 130
147 88
105 68
141 164
57 192
191 187
13 43
37 54
99 176
161 172
31 190
28 147
135 10
177 32
175 78
122 31
80 77
104 97
135 144
157 194
70 120
159 31
190 120
125 60
35 155
67 157
190 75
79 60
47 3
31 33
133 58
182 101
163 174
62 58
152 50
71 149
90 194
126 68
4 164
66 6
31 54
39 65
165 77
39 196
105 188
142 102
52 78
159 33
148 90
144 33
155 142
36 106
161 75
71 89
26 191
151 43
74 1
110 141
X
191 59
139 100
189 126
175 158
74 162
149 6
81 31
161 33
88 149
43 156
51 195
93 192
84 164
170 106
105 49
41 123
141 196
106 192
119 184
X
72 66
156 8
56 155
87 59
127 119
X
46 68
148 68
89 56
7 98
48 7
143 189
158 110
34 77
171 189
189 77
191 170
105 51
139 71
96 12
X
148 6
44 94
106 74
4 133
X
166 152
135 11
126 179
X
86 27
105 142
121 120
21 86
150 88
X
63 31
138 96
168 33
177 142
174 162
167 26
56 170
168 46
113 24
124 133
168 122
28 148
147 164
106 60
132 153
61 58
68 168
115 48
X
158 57
103 142
134 39
131 159
104 31
110 178
162 19
50 158
96 79
161 134
86 154
71 72
112 98
52 173
125 80
161 167
90 154
63 145
145 33
2 133
159 168
73 151
124 108
6 184
77 39
X
33 55
102 71
63 180
56 110
90 105
11 11
13 89
133 128
169 135
106 123
36 56
99 195
150 181
143 33
135 77
X
107 59
24 129
195 118
186 136
170 65
96 19
18 115
87 95
X
9 6
133 147
77 145
95 51
23 151
154 56
125 10
157 71
29 76
179 59
42 121
122 86
183 154
78 83
22 139
106 73
109 86
128 188
67 114
60 158
160 194
130 46
51 54
24 114
78 119
173 65
77 45
187 142
122 85
89 35
172 32
181 72
97 79
37 147
88 32
51 171
65 48
127 84
191 165
34 190
18 116
15 42
126 35
X
110 139
189 76
86 197
21 8
14 42
67 35
6 139
105 55
193 32
88 167
8 154
73 138
44 113
190 79
18 191
61 162
193 3
X
135 175
131 153
78 16
194 86
109 122
152 88
X
52 117
162 15
53 188
178 81
71 74
11 40
14 118
55 16
159 63
52 75
90 112
36 169
158 153
162 106
98 164
20 148
69 115
150 164
181 196
152 51
118 67
165 91
138 103
31 109
145 143
50 80
40 116
5 62
7 52
34 143
83 3
163 109
95 85
X
112 187
45 67
121 184
147 91
169 121
56 36
87 3
126 8
194 79
84 28
175 139
148 171
X
171 72
56 182
79 29
165 179
128 180
40 174
65 115
10 27
151 134
140 91
151 39
126 89
149 90
5 192
65 72
170 182
165 177
19 9
160 54
171 139
92 197
94 43
52 88
125 23
16 44
4 137
137 13
180 124
19 165
89 170
62 15
98 5
88 105
175 105
169 103
74 81
61 144
43 44
35 184
127 89
41 116
65 175
32 193
25 134
151 9
58 140
104 38
110 179
188 176
175 7
23 193
179 53
141 176
X
9 130
167 135
169 189
6 14
141 72
15 69
73 152
X
42 116
142 41
11 37
105 127
X
126 174
53 43
179 32
49 2
136 18
1 25
147 38
163 172
25 127
18 118
27 170
172 138
61 155
180 48
X
94 197
4 131
33 50
119 186
141 57
53 136
22 60
172 47
171 122
28 41
191 178
72 64
38 40
157 146
189 192
192 156
57 21
152 53
10 132
86 68
91 193
161 86
138 44
12 4
10 128
182 5
175 76
65 16
53 120
13 27
26 53
60 58
44 62
52 101
31 7
186 172
111 101
74 159
34 195
91 120
9 2
76 176
17 52
33 182
88 168
61 180
140 173
169 132
157 106
121 76
122 11
47 50
164 154
55 5
10 142
55 21
125 11
137 14
161 117
74 96
14 53
41 30
X
121 142
74 4
116 140
131 38
6 51
113 140
X
6 183
63 171
102 99
149 92
35 110
86 105
164 82
123 105
7 154
57 107
117 67
12 15
158 50
175 103
38 62
97 157
132 110
20 124
176 117
169 20
108 121
191 48
192 31
30 105
17 125
40 70
121 124
79 28
92 177
152 17
136 108
181 70
148 146
141 146
19 188
X
133 149
X
143 184
23 84
54 67
170 135
41 4
108 125
117 167
135 119
172 53
12 154
180 77
138 45
158 31
138 122
120 129
164 171
6 23
95 79
73 67
127 13
84 103
103 151
179 51
165 180
25 141
42 135
158 61
171 192
165 174
X
52 166
171 33
181 118
42 155
158 63
53 180
67 162
X
71 92
173 26
178 92
168 60
148 158
181 120
41 46
153 95
74 82
49 4
163 78
56 58
56 153
32 63
71 147
186 105
133 148
71 132
110 176
179 184
29 186
102 70
165 196
64 76
173 61
165 116
91 157
53 41
137 108
3 194
71 36
X
51 47
159 10
121 133
75 161
110 167
98 156
102 131
156 120
4 147
X
167 183
184 192
34 104
84 99
183 186
159 173
181 123
76 88
127 71
85 73
107 15
86 9
188 39
121 145
160 135
137 110
168 72
146 146
83 90
43 158
79 4
93 62
79 158
186 100
30 27
159 8
74 185
183 27
11 154
125 129
87 101
42 77
130 191
16 188
X
X
X
145 17
96 100
153 54
97 81
116 53
100 134
38 193
183 103
107 84
22 17
57 190
148 59
16 53
121 41
130 23
14 108
130 24
27 134
112 122
127 9
120 146
189 143
137 103
160 107
5 98
141 162
130 4
26 120
X
73 139
24 119
99 99
49 6
130 52
X
71 4
19 151
174 146
31 55
8 110
31 170
17 76
189 68
173 192
80 29
86 158
31 50
132 109
3 172
195 119
103 162
192 174
107 179
44 181
159 107
71 40
52 167
188 120
65 46
174 28
6 154
172 30
43 183
89 158
X
97 16
176 80
3 186
X
23 185
114 84
104 59
87 97
125 57
29 32
35 51
52 191
39 146
155 194
123 108
14 55
162 12
80 60
46 41
98 8
124 130
148 170
89 123
121 75
188 67
23 36
47 121
173 195
137 15
193 146
X
37 169
25 66
185 76
190 73
141 90
39 62
117 70
4 152
141 41
145 30
130 30
152 169
108 31
68 37
106 179
174 31
182 4
57 36
38 51
55 174
146 150
77 83
188 68
169 32
108 171
33 53
29 47
17 53
160 110
60 155
82 86
79 125
141 9
143 55
108 59
140 152
158 105
147 89
51 141
107 88
195 113
120 67
107 70
107 31
4 149
89 147
24 20
24 191
38 183
63 182
110 142
142 52
62 8
X
10 114
18 134
19 186
186 103
71 152
122 111
53 78
65 177
80 39
135 113
123 107
190 68
42 48
156 72
193 86
89 101
145 145
165 181
46 70
197 58
58 134
134 98
191 115
156 144
33 127
110 188
98 148
103 123
97 15
X
147 150
191 22
168 65
28 134
152 165
195 143
169 65
133 42
50 44
194 146
189 193
94 85
157 3
133 164
176 58
52 79
21 150
7 26
X
50 79
130 67
X
192 182
152 43
147 54
184 195
60 88
189 22
52 24
104 131
73 93
149 169
14 191
41 29
124 170
181 121
106 143
137 139
66 180
182 25
160 8
66 13
130 28
15 79
160 50
147 184
128 3
161 32
99 167
186 171
121 152
24 141
6 77
10 47
108 38
74 67
30 33
105 180
158 56
159 49
177 154
106 182
10 89
140 75
76 180
3 190
26 139
136 131
16 80
X
141 163
109 13
155 180
157 138
31 8
68 176
71 3
13 12
79 177
177 83
116 176
158 41
194 119
187 172
176 18
137 154
112 133
120 56
99 157
156 121
X
85 163
109 88
136 177
29 110
181 27
146 105
53 191
95 137
171 75
5 121
104 172
81 49
58 59
165 4
146 17
144 59
94 129
33 66
40 112
181 108
71 150
10 6
55 195
72 187
157 133
84 84
26 79
31 152
103 49
120 143
34 56
28 139
188 76
15 115
17 121
158 10
7 58
100 176
16 48
193 88
29 107
111 75
189 21
115 53
13 44
127 50
44 96
52 164
71 88
55 194
168 133
41 166
13 57
92 139
8 149
6 48
142 90
118 167
53 86
53 173
135 120
83 143
191 78
75 160
158 155
86 59
170 119
17 156
28 146
101 130
11 2
97 100
112 147
180 180
56 70
154 143
27 125
X
52 153
4 42
105 61
154 101
137 20
34 194
79 76
16 119
X
91 180
193 116
128 99
57 78
70 48
79 136
38 50
120 187
131 55
25 68
43 135
156 196
3 91
8 118
14 115
55 55
50 47
46 85
74 128
X
154 146
78 51
77 54
110 138
87 4
88 10
124 145
50 187
77 14
29 121
163 82
86 56
187 159
17 152
124 85
130 192
97 82
54 18
39 173
169 142
114 12
128 98
X
70 45
134 105
183 184
39 192
133 165
39 70
43 48
172 106
187 102
48 110
72 88
36 17
30 26
129 164
86 17
159 38
69 93
72 146
16 55
16 154
189 165
187 140
164 160
18 123
99 154
4 161
98 90
52 47
152 22
172 12
X
47 47
104 106
143 42
86 102
155 13
6 138
70 72
91 89
185 89
X
29 163
68 49
193 189
26 123
78 47
152 49
138 182
126 24
69 89
150 77
24 123
87 119
111 118
69 36
130 45
81 142
123 23
5 60
84 142
29 5
125 71
70 50
32 171
159 57
180 177
68 115
161 169
168 74
77 51
66 73
63 169
111 168
18 175
82 72
170 60
147 189
84 88
121 77
39 91
174 157
134 190
166 168
77 57
X
42 166
175 163
29 187
63 179
182 3
38 128
59 6
121 79
70 91
75 138
54 3
70 60
177 93
X
193 50
86 194
104 173
158 37
189 141
78 37
54 164
126 109
119 104
181 184
80 129
102 134
149 93
57 74
127 173
X
X
70 17
X
190 166
175 197
187 136
49 192
45 41
175 93
159 120
152 183
47 10
165 194
123 129
115 6
136 129
X
179 71
50 125
32 91
6 98
180 154
7 60
46 83
73 189
146 121
X
75 119
13 51
106 76
31 91
32 125
190 14
113 98
60 84
36 75
92 51
76 33
153 90
93 121
16 104
X
114 164
175 161
X
100 131
185 75
171 11
X
110 59
149 94
128 23
29 190
30 194
123 154
116 68
105 192
164 115
X
50 78
177 95
89 10
105 152
93 83
147 67
34 136
44 124
183 51
3 183
168 87
83 84
26 83
92 107
4 41
161 137
12 149
44 86
180 119
X
54 102
54 78
31 66
135 9
192 52
X
53 100
66 1
161 124
175 107
178 5
122 129
5 178
36 104
130 69
142 103
95 52
171 146
39 17
48 52
4 148
126 28
72 56
87 194
107 182
126 51
34 155
4 184
X
138 22
128 36
96 156
X
X
160 130
178 120
80 16
13 131
154 176
57 77
16 24
71 135
181 95
163 108
188 106
75 165
11 9
87 68
110 31
187 138
151 136
151 171
69 119
82 46
39 142
127 90
38 27
34 65
33 98
68 178
195 4
126 91
129 188
X
116 163
107 121
24 15
155 4
61 13
88 120
124 69
66 16
23 33
110 147
82 74
85 57
30 66
103 176
93 122
10 113
128 24
70 20
69 103
81 140
49 163
44 44
24 139
137 149
93 194
65 102
196 96
88 197
151 169
26 78
142 36
70 75
X
X
34 49
137 155
144 143
157 105
138 100
12 176
173 141
159 13
34 152
66 116
36 147
50 18
169 51
18 188
125 121
117 89
180 38
134 20
54 118
43 181
80 125
186 156
166 85
44 115
136 105
173 196
88 27
137 99
44 46
126 97
27 127
190 78
55 147
111 130
34 20
109 159
176 62
146 123
65 106
2 131
190 118
63 50
9 100
46 44
191 88
75 174
114 85
11 139
33 162
176 146
94 190
95 23
171 10
5 172
54 5
11 166
143 80
50 171
4 151
169 58
73 166
24 18
124 180
5 26
10 112
31 155
144 148
82 4
132 188
18 125
38 127
85 68
96 67
90 190
36 77
88 53
X
109 121
195 127
190 116
91 129
X
46 62
147 7
77 59
17 8
189 172
167 180
85 162
83 46
101 191
30 148
79 30
179 58
85 84
5 191
192 46
11 84
78 58
17 119
30 28
166 183
132 192
34 188
81 125
83 82
177 108
69 3
161 83
169 146
86 101
55 173
85 59
179 19
193 78
151 18
68 180
39 128
77 100
50 27
57 83
127 91
108 157
76 4
195 32
106 63
52 32
130 180
136 24
129 31
71 93
118 90
104 134
177 117
54 195
143 81
104 175
123 60
79 2
109 132
160 78
65 35
178 37
108 77
192 11
151 170
4 121
12 69
191 129
125 67
63 51
16 68
2 194
123 106
5 58
140 77
109 167
X
42 43
154 70
18 180
140 10
97 110
52 76
39 31
88 104
164 2
175 164
104 152
12 74
105 98
141 184
165 82
42 74
94 64
181 109
107 35
16 93
20 102
34 103
121 140
53 47
85 157
116 143
16 92
133 140
92 140
78 60
148 162
48 164
177 170
70 57
67 16
172 146
141 197
31 107
118 41
51 21
30 63
39 145
X
2 191
125 100
52 126
161 21
X
87 197
9 128
108 167
155 5
188 143
89 145
128 192
X
48 55
77 32
168 62
67 155
171 119
42 10
64 1
50 127
122 26
141 144
107 72
14 72
100 18
123 13
138 162
18 177
18 5
16 73
41 146
143 180
7 73
4 21
157 72
148 149
10 4
188 175
22 87
105 162
54 44
153 179
154 82
X
161 168
160 12
138 70
81 86
8 88
116 89
128 190
26 51
163 74
61 15
175 172
144 194
48 165
72 65
112 34
180 156
11 142
172 188
95 53
29 103
101 154
120 151
106 50
75 1
171 18
45 136
101 176
32 19
55 53
90 193
55 106
7 85
169 145
31 118
98 149
159 171
52 157
75 162
68 35
16 177
55 166
98 134
161 29
68 191
X
24 140
25 150
86 108
21 153
57 106
69 50
80 27
119 140
49 84
143 146
102 17
191 174
67 133
69 194
132 191
166 4
125 149
177 28
53 70
104 92
111 132
144 64
122 133
189 157
168 52
2 39
111 187
117 91
170 51
113 179
193 194
14 193
140 45
144 191
119 48
21 24
76 37
74 30
46 123
34 76
178 101
53 127
165 86
51 51
29 105
154 133
54 158
43 40
123 121
67 159
71 128
193 192
53 35
131 114
94 30
63 147
65 50
X
52 136
115 24
182 48
98 91
65 19
100 5
43 126
65 11
87 83
160 9
155 72
129 47
17 72
160 74
42 40
85 33
144 150
85 32
86 122
54 100
185 74
87 164
85 35
149 68
25 43
42 119
100 173
137 152
43 77
98 100
8 72
56 118
177 94
157 139
154 135
44 75
67 163
33 30
15 132
3 179
91 25
57 87
118 140
9 154
93 109
133 112
25 123
11 4
141 81
27 85
196 97
160 13
92 109
7 71
12 89
29 119
150 9
100 172
91 4
168 63
193 175
23 60
110 158
53 140
78 146
111 100
X
135 140
176 194
68 120
191 56
X
186 106
4 174
35 153
164 58
3 176
19 119
162 82
41 179
157 137
13 15
146 149
119 24
45 156
130 64
55 181
69 102
99 147
180 155
142 150
188 165
183 123
177 123
10 111
161 18
43 112
13 73
101 62
190 171
113 99
3 139
139 156
120 104
87 99
169 46
158 101
22 16
152 16
5 59
76 157
127 39
13 179
49 104
175 82
7 46
127 120
156 156
164 118
16 116
79 179
120 10
17 27
147 20
5 130
101 195
191 8
123 10
55 144
112 119
13 193
X
31 160
115 49
105 73
X
126 125
139 104
91 158
112 120
140 9
131 109
76 81
53 85
62 147
67 136
55 24
X
46 65
139 173
42 65
124 99
X
88 7
130 155
154 136
123 171
101 192
136 71
119 143
77 29
75 66
116 80
141 161
168 102
165 85
100 154
92 41
142 37
24 68
162 122
126 27
11 178
154 180
69 121
X
171 76
84 29
52 70
64 77
31 125
55 47
77 46
98 147
170 33
124 67
155 191
162 174
88 112
X
90 146
135 70
160 120
106 77
184 141
90 189
148 145
143 150
144 102
49 168
8 26
14 116
X
150 20
124 98
86 81
138 170
163 116
159 78
124 86
59 5
12 175
34 149
125 179
78 161
189 120
170 48
100 166
142 145
96 85
33 51
37 173
23 67
129 49
156 57
179 83
61 181
157 15
182 104
124 31
34 184
16 42
X
113 175
64 121
14 24
55 36
54 106
98 50
157 192
79 36
28 128
177 78
187 137
168 120
X
162 11
56 79
49 54
91 182
8 153
148 88
24 79
97 156
41 97
103 25
23 141
40 37
86 121
98 14
147 36
77 120
126 14
178 18
70 194
156 62
4 130
147 102
X
132 100
86 120
117 40
51 18
190 77
38 39
105 71
105 187
126 172
124 124
1 39
27 76
4 153
147 57
8 59
172 39
85 155
188 8
119 163
52 27
8 151
111 170
178 62
40 115
13 74
154 105
31 123
130 27
152 182
128 37
162 195
166 6
102 91
165 56
142 183
164 4
124 97
123 74
94 193
126 176
87 105
78 81
20 9
138 171
110 15
63 156
1 179
4 73
96 66
52 135
X
192 13
134 38
44 116
101 189
98 189
90 101
91 23
45 62
100 19
34 17
67 49
143 58
1 161
23 191
3 41
37 87
181 90
189 39
148 58
150 158
24 151
176 157
88 145
19 103
93 91
38 124
X
123 174
176 158
3 185
145 59
19 123
157 70
100 13
43 85
106 39
140 15
7 123
149 31
195 179
102 108
51 173
X
30 47
161 85
55 139
66 175
46 108
159 103
X
41 181
144 41
99 149
117 184
29 74
150 169
162 86
56 83
195 97
62 6
25 125
172 51
72 186
X
62 60
84 72
35 181
46 64
74 150
91 121
174 197
188 117
175 194
124 80
41 47
75 131
57 85
63 155
6 10
110 189
187 160
129 1
86 193
36 175
3 173
59 89
60 3
92 54
141 119
112 31
51 23
43 94
X
89 176
174 77
83 1
26 193
167 190
177 196
110 18
X
139 70
153 181
23 42
62 175
78 100
191 118
7 25
7 168
73 193
170 143
145 116
39 116
108 110
103 68
121 158
55 7
120 39
164 173
59 3
30 193
162 41
87 57
16 191
85 56
138 98
173 143
80 32
22 137
77 189
160 29
106 187
172 41
22 36
25 67
131 62
52 187
4 132
99 153
28 43
193 176
18 152
24 27
49 10
X
67 137
139 91
192 39
66 35
29 97
146 21
28 150
189 19
192 170
189 35
31 174
86 164
144 119
98 92
54 115
123 160
146 36
8 16
4 71
119 50
68 44
124 149
23 18
171 19
59 58
41 164
114 175
118 24
193 29
X
12 142
181 5
66 4
7 117
10 168
27 138
27 53
172 33
174 10
127 122
12 141
117 38
121 59
191 87
166 158
50 195
179 17
X
8 58
113 139
180 195
54 40
29 120
144 118
154 90
28 169
72 63
117 95
122 125
18 186
176 141
80 56
50 114
81 88
183 142
172 109
103 97
175 169
188 78
119 193
135 75
44 50
113 147
52 77
131 42
13 188
109 113
110 122
79 1
64 31
34 19
4 165
71 8
188 10
27 173
135 126
125 12
150 31
60 87
57 89
14 142
109 147
142 180
12 179
X
62 182
162 167
132 131
180 178
158 8
145 150
135 171
192 178
49 109
76 92
179 105
18 133
171 183
X
155 3
3 43
167 188
27 116
41 44
69 7
110 14
100 133
39 87
182 27
138 183
111 73
126 13
167 27
99 26
86 7
109 131
168 53
134 42
15 193
195 186
192 144
146 117
17 26
47 2
187 151
29 137
127 170
72 125
191 192
102 147
136 109
100 151
86 104
56 195
98 193
99 164
172 65
63 176
165 158
54 47
149 64
186 73
66 76
128 68
48 5
56 59
176 172
97 111
X
160 60
144 183
X
108 19
173 47
104 179
184 142
171 138
61 189
X
55 100
171 61
38 147
80 49
121 9
140 83
139 76
76 47
103 126
158 127
46 104
74 139
157 5
76 39
125 133
84 71
29 118
58 62
93 65
143 95
168 28
143 29
5 29
139 102
72 185
172 107
171 188
X
105 97
99 98
146 76
78 80
161 31
169 110
128 4
104 111
X
182 177
105 31
119 187
139 41
130 62
21 32
150 90
174 8
13 40
156 124
80 54
37 181
9 46
34 147
67 131
11 93
150 21
152 137
66 36
54 75
14 27
62 62
32 108
140 70
15 176
192 14
143 96
93 119
189 195
188 40
151 22
85 95
172 110
89 34
169 141
63 162
151 164
8 75
29 139
98 54
81 60
66 106
94 92
13 133
17 55
64 95
52 150
X
26 195
107 120
28 47
155 49
57 119
119 58
155 101
65 180
73 148
72 6
7 165
57 194
8 104
X
17 47
84 94
76 109
55 54
26 117
187 158
128 50
134 24
101 149
85 83
75 3
24 28
X
65 169
103 150
33 31
156 194
112 111
68 59
70 165
57 32
78 109
81 58
34 63
32 194
193 18
137 177
121 104
176 76
93 69
183 190
44 180
38 194
34 105
75 106
111 34
183 104
24 46
31 154
143 44
56 171
X
15 190
172 162
154 86
91 177
101 108
X
188 89
8 15
X
161 13
X
119 43
71 104
123 57
42 67
12 108
183 178
130 68
148 168
169 76
195 130
65 6
61 127
108 126
60 83
138 95
125 148
107 192
129 45
52 36
88 102
118 37
126 23
124 74
122 108
152 57
28 171
90 182
165 117
168 121
72 93
152 86
15 108
98 32
188 36
113 12
125 147
103 141
123 90
112 188
128 47
175 97
107 68
133 141
27 136
52 80
87 72
133 144
86 29
30 87
134 71
156 63
123 153
X
34 181
63 172
176 82
127 8
128 35
88 56
71 56
59 155
81 2
184 191
186 68
X
174 138
112 38
83 45
160 191
107 119
29 108
7 171
3 133
8 60
X
141 52
167 31
32 127
194 115
76 34
87 2
33 54
72 60
154 104
141 14
137 89
16 137
6 13
147 94
55 117
85 21
101 190
168 178
120 130
98 172
75 109
24 12
179 50
6 49
194 88
193 115
100 152
168 61
104 182
55 110
126 133
122 112
53 195
74 98
88 59
79 157
56 85
71 106
78 48
140 180
37 73
147 95
185 138
79 129
33 187
105 57
27 94
173 46
176 92
34 185
X
174 29
52 124
171 51
56 137
38 175
41 50
75 80
72 150
159 21
9 99
103 180
1 23
24 40
179 119
121 186
31 5
181 30
108 170
109 169
146 191
79 127
41 27
34 18
42 5
195 56
104 101
159 76
52 151
31 127
34 146
83 48
188 170
194 186
108 72
129 90
7 174
152 41
110 140
151 30
157 135
193 180
189 14
122 154
194 113
160 10
127 175
63 192
184 37
145 36
5 119
179 30
18 169
97 113
175 9
178 69
23 17
192 180
X
27 140
161 8
143 147
97 107
56 165
102 28
78 174
172 160
151 95
166 154
192 186
139 174
148 57
22 26
41 6
160 169
186 88
106 47
155 70
51 41
69 73
68 181
195 5
190 168
53 44
104 110
146 122
53 7
165 74
145 115
159 155
179 70
51 36
126 182
52 155
44 133
116 49
48 106
40 194
69 170
6 174
98 30
159 74
63 11
142 106
166 172
12 103
87 33
57 79
36 73
49 188
160 49
188 18
38 31
55 70
70 125
130 63
86 190
156 176
X
61 1
187 167
97 62
108 118
112 176
117 53
170 76
55 119
98 33
52 119
118 95
98 113
26 40
97 108
54 55
86 10
75 7
53 124
136 89
98 67
34 110
136 11
74 34
78 102
67 180
124 13
157 101
162 154
158 32
117 41
42 113
167 158
34 66
4 120
77 187
17 77
87 56
88 109
135 174
X
103 72
148 53
50 74
59 158
100 193
3 137
17 166
46 84
118 194
141 75
60 1
59 128
9 4
75 65
44 166
67 168
111 76
120 191
X
143 195
139 11
27 168
99 113
30 91
152 91
91 63
64 175
136 171
49 194
59 162
X
23 40
122 109
180 105
57 62
40 77
63 159
48 154
34 73
186 104
152 92
192 126
135 24
96 50
11 38
51 55
107 77
68 116
103 163
7 173
85 141
34 187
56 32
X
160 137
52 102
14 131
15 57
166 103
129 26
103 112
153 84
57 73
166 88
119 151
192 41
116 12
34 125
173 189
36 50
X
55 120
6 62
142 29
36 185
143 188
95 30
133 130
24 87
112 138
27 96
126 129
134 74
39 44
22 18
51 43
25 114
8 168
143 66
4 74
65 104
18 74
23 41
17 169
141 74
4 162
147 188
93 64
29 40
131 50
155 195
116 178
152 28
193 188
93 112
27 95
X
190 50
126 10
57 120
X
32 54
42 120
143 59
139 101
38 53
5 27
76 146
142 54
14 74
190 66
161 106
190 41
25 40
41 125
92 112
71 6
54 70
51 35
39 16
162 192
90 1
75 108
114 91
14 188
53 174
8 73
93 23
137 174
41 77
29 146
122 15
10 165
82 138
164 85
122 13
51 154
138 93
25 139
X
146 40
13 135
56 163
144 105
X
122 144
42 124
118 91
105 56
68 45
88 169
44 10
91 1
175 11
67 177
117 11
148 106
7 48
168 48
132 163
180 5
117 12
29 148
28 121
39 67
132 170
21 87
34 123
49 191
25 49
128 183
164 155
169 196
49 47
10 52
X
43 137
140 80
54 110
5 123
192 130
179 60
X
116 28
68 20
X
X
140 96
139 164
51 27
101 27
66 31
86 113
143 143
111 140
41 196
153 170
74 101
129 71
193 82
152 18
36 109
173 28
106 75
84 143
114 6
169 138
84 86
193 5
187 139
6 141
55 182
84 73
148 104
49 187
73 56
89 112
185 73
73 191
12 2
171 26
110 58
129 67
14 89
174 156
137 148
130 183
28 149
115 27
191 10
177 172
121 143
102 176
49 44
76 185
66 11
23 184
98 53
52 51
154 144
76 45
25 46
162 36
28 129
10 48
28 76
135 139
97 159
71 90
16 174
35 105
8 102
62 145
14 44
119 154
154 89
54 113
99 24
80 13
171 8
167 33
138 154
157 153
25 44
162 130
141 45
131 192
49 28
122 126
105 189
91 110
156 15
85 101
49 17
79 32
137 173
39 147
66 75
108 111
11 13
66 114
159 127
38 185
62 188
22 28
73 192
55 17
106 142
154 71
73 185
79 31
54 157
61 143
42 128
X
179 81
157 124
159 101
129 65
143 64
83 70
134 75
93 140
73 125
69 46
120 41
45 65
13 190
25 65
53 141
108 88
138 164
180 3
148 21
105 191
103 161
20 167
122 121
69 171
X
119 195
157 14
142 38
146 165
38 38
13 46
28 14
42 19
80 58
49 195
21 17
5 71
55 41
155 43
176 83
12 38
192 9
143 123
103 88
89 33
184 137
86 143
141 10
16 152
70 6
166 91
126 124
11 151
74 147
173 145
21 34
137 9
38 28
165 172
136 91
121 10
132 169
13 77
173 146
134 73
X
105 99
X
102 97
136 141
32 87
74 161
22 135
169 30
122 151
139 45
168 91
3 140
110 169
70 56
101 92
169 101
35 17
77 13
148 75
126 84
27 84
30 74
23 35
160 52
55 180
124 87
52 86
83 163
4 192
9 150
24 116
149 166
75 86
90 173
57 118
21 151
143 52
117 8
112 150
31 108
131 115
2 193
38 169
27 129
142 40
172 46
24 137
157 11
79 54
147 181
91 156
187 156
2 21
68 16
64 15
107 85
16 91
152 171
9 132
10 14
32 49
122 28
73 65
145 130
120 108
43 133
78 180
37 137
31 115
84 161
134 110
170 28
134 104
192 177
113 141
85 58
9 101
147 166
89 105
17 51
88 110
44 74
77 55
34 107
132 38
1 162
191 172
38 87
75 139
56 168
56 24
124 129
9 11
104 37
151 88
183 192
64 93
164 59
72 91
51 140
140 89
17 188
159 40
74 136
53 163
184 194
41 19
151 177
153 49
176 19
60 127
124 10
83 138
190 67
144 29
100 14
74 28
137 113
27 87
X
12 133
158 107
49 189
42 36
158 194
86 21
170 146
23 9
51 124
123 133
90 7
167 192
75 67
192 143
56 7
197 59
112 140
107 71
120 14
79 77
145 196
29 45
91 108
100 28
125 86
3 93
102 107
91 62
79 39
82 50
69 56
124 70
177 58
31 87
39 143
134 76
100 167
22 138
119 47
166 194
166 102
13 178
87 149
192 82
109 98
125 113
16 67
2 25
99 111
97 112
6 22
41 155
X
154 84
191 194
68 192
113 9
18 121
92 137
131 65
114 90
155 86
165 197
38 115
54 136
X
X
12 3
31 6
58 83
X
190 172
41 180
31 110
39 19
55 75
14 40
90 41
X
65 120
90 177
183 152
176 154
51 194
32 160
3 182
139 82
170 39
6 153
156 153
22 134
65 168
81 90
25 121
X
13 90
157 104
62 127
98 108
180 91
58 89
183 30
110 32
32 8
181 83
80 143
3 39
40 170
122 25
58 138
158 33
181 117
49 86
64 159
183 183
103 99
187 171
23 14
173 139
95 67
9 168
154 72
146 18
61 130
37 138
13 88
163 93
49 30
162 39
76 31
175 104
74 32
190 51
179 106
176 170
41 83
153 82
154 137
116 177
103 51
130 153
190 65
87 7
137 11
91 3
15 72
76 91
37 49
126 86
1 24
17 133
130 1
X
109 19
83 161
31 147
83 2
76 102
148 165
93 184
1 93
63 35
180 157
63 47
87 158
197 180
189 128
170 89
144 103
51 136
59 130
90 145
X
17 78
134 77
175 92
25 53
X
149 29
13 176
84 20
161 77
39 29
143 31
46 82
31 49
41 145
23 15
76 89
185 151
189 80
178 109
188 73
149 88
157 134
144 57
141 95
175 171
51 127
117 162
53 18
X
125 183
7 16
193 2
26 87
112 101
193 113
105 60
70 166
70 121
183 109
61 14
173 138
44 98
29 7
52 170
20 188
163 95
100 175
121 43
100 191
193 126
193 187
162 118
159 93
87 145
107 69
62 190
64 49
20 32
135 123
118 195
121 121
118 162
35 56
152 176
141 150
187 22
46 106
164 161
159 194
81 55
138 173
29 141
54 32
84 102
105 186
75 185
8 147
158 104
X
159 96
132 154
164 57
40 173
37 77
106 48
12 150
132 130
120 15
148 78
63 8
93 181
10 140
117 10
183 180
163 155
156 105
X
33 154
64 4
160 20
181 181
186 167
178 170
191 60
137 119
44 161
X
13 139
141 143
29 188
179 35
X
160 21
195 3
9 88
78 36
154 57
153 28
25 83
70 106
63 130
60 62
X
14 117
95 100
110 157
74 83
137 171
20 21
172 18
179 18
166 87
X
171 48
21 36
183 53
191 79
55 52
163 115
95 139
X
174 160
49 150
31 124
2 93
126 48
151 166
171 9
139 177
51 187
134 132
102 89
163 107
109 99
68 119
73 161
143 41
8 52
127 124
179 186
40 144
95 25
77 15
47 54
71 39
167 189
120 11
51 80
78 27
162 124
18 189
54 52
145 19
17 180
45 86
4 154
184 151
154 102
48 156
134 21
51 40
145 40
77 49
64 163
183 177
88 4
53 194
27 47
21 100
51 22
41 7
62 31
75 175
19 6
146 78
167 178
23 34
11 69
92 120
117 39
51 24
17 44
100 7
88 190
143 191
173 21
X
6 71
16 107
139 94
66 40
X
25 51
132 98
61 146
139 176
166 56
75 134
X
6 185
X
72 59
183 25
87 155
140 153
172 50
109 77
138 152
45 135
55 108
123 176
87 1
174 158
93 84
192 40
46 36
67 134
152 55
64 155
169 144
43 87
153 180
31 105
95 140
51 30
45 137
45 123
34 26
160 19
102 60
135 100
166 161
151 178
86 125
196 93
13 76
99 28
38 49
40 128
159 174
175 94
158 135
170 18
31 103
X
164 74
125 52
46 40
76 5
104 36
34 138
11 68
184 155
115 95
110 101
84 95
141 160
56 135
89 3
156 13
23 24
43 166
183 106
167 182
180 90
131 165
155 144
120 144
163 152
153 29
19 63
170 91
190 18
4 190
171 7
49 40
8 62
14 80
30 170
149 28
176 81
53 90
132 132
49 8
49 153
177 130
71 73
91 173
56 87
190 47
178 16
177 143
30 32
96 97
147 52
54 126
7 111
146 132
143 83
40 148
121 38
55 23
18 165
104 133
169 183
134 70
27 139
X
160 15
168 197
84 93
74 91
40 161
145 65
74 3
60 86
23 7
33 185
191 37
55 113
109 73
179 79
81 48
54 171
64 191
192 30
41 162
135 150
142 15
39 175
52 120
125 75
8 114
140 156
10 50
173 194
53 23
68 121
195 59
124 46
143 82
158 130
15 179
56 139
177 72
123 91
109 157
165 60
41 143
92 93
67 161
133 56
134 168
137 102
159 130
38 182
196 60
105 34
51 33
41 48
53 14
49 18
69 60
20 190
100 15
194 49
36 55
81 136
191 46
8 30
46 67
111 147
124 84
35 147
X
88 154
98 167
51 14
94 22
144 184
99 172
126 99
194 46
81 54
129 163
7 146
175 154
2 130
53 175
56 88
56 5
93 85
119 108
28 28
95 33
158 2
38 55
63 178
156 122
7 119
137 77
132 129
51 29
40 172
27 51
166 2
106 162
124 56
4 76
106 59
112 134
125 91
X
51 163
130 161
166 134
172 10
124 179
56 3
151 8
X
84 81
159 133
95 64
41 17
179 76
108 36
28 26
125 77
110 84
174 27
138 89
90 53
17 123
34 144
168 75
19 60
X
55 175
5 139
194 80
193 183
22 101
X
86 84
65 3
144 181
160 33
110 118
112 32
172 27
X
57 35
96 83
63 168
X
170 176
105 160
170 41
196 32
122 158
141 40
87 19
127 113
112 130
137 138
26 181
167 3
135 18
43 74
147 159
112 190
169 119
28 13
52 103
X
100 91
132 171
70 126
174 53
23 168
143 65
132 165
30 103
38 181
67 182
36 20
87 27
27 75
9 114
19 5
17 74
93 123
141 180
152 90
114 95
123 151
6 12
63 160
85 154
31 56
33 160
42 87
36 144
135 173
12 73
38 68
119 25
177 76
127 174
130 189
23 63
62 143
167 195
33 6
28 124
X
28 46
88 147
117 42
108 122
158 29
63 143
154 145
X
7 10
7 62
149 118
106 32
122 104
155 9
36 49
76 107
81 33
129 23
97 30
172 6
119 145
181 177
68 114
43 127
169 188
4 39
42 75
135 103
125 74
84 140
118 70
77 98
65 75
24 165
17 137
138 91
76 189
162 155
23 65
192 29
155 57
94 194
26 141
81 141
40 62
X
130 70
52 67
X
75 105
177 140
36 54
21 6
X
133 115
166 159
129 156
12 85
41 36
75 150
110 177
146 119
63 163
151 21
63 114
28 170
36 172
119 57
97 50
94 191
10 87
134 19
157 120
125 37
40 86
87 146
98 176
180 192
X
71 102
106 49
138 19
143 119
197 181
120 123
117 6
4 72
130 182
148 160
193 93
80 73
92 40
51 135
31 28
22 9
144 54
66 121
92 52
86 109
194 82
147 19
43 70
137 140
78 107
182 138
172 40
113 8
150 171
41 84
140 14
25 45
40 29
28 141
87 93
29 189
190 46
193 129
X
74 188
125 120
89 59
110 77
107 162
66 2
94 67
179 185
180 54
44 119
81 34
169 176
193 46
166 135
92 176
40 69
159 154
48 170
18 174
146 23
58 135
168 135
148 132
77 56
108 73
81 143
32 98
127 87
55 136
56 169
51 146
97 189
155 42
127 88
X
26 119
113 100
126 132
189 8
1 91
53 118
69 40
178 155
179 61
150 117
106 14
42 179
94 62
56 136
147 191
29 98
4 118
108 113
176 97
178 58
96 165
75 6
176 106
148 114
73 190
130 181
187 21
102 100
175 109
46 37
40 169
182 2
193 4
140 41
30 98
77 109
126 119
109 190
164 158
14 48
23 167
74 100
128 67
32 123
111 149
155 8
82 44
132 99
77 107
126 170
74 134
165 115
23 5
182 90
120 184
183 31
59 4
37 56
46 66
92 189
188 91
74 93
X
138 105
66 155
49 155
25 149
8 100
63 6
121 15
170 87
36 105
182 179
91 111
25 147
23 13
36 148
162 190
78 108
139 74
26 118
121 185
6 46
24 183
48 168
64 71
151 165
181 124
126 49
143 68
178 39
188 100
33 17
33 186
125 27
182 50
29 106
54 108
64 35
141 174
56 158
177 139
172 180
57 33
105 25
52 195
19 19
182 38
138 109
191 21
75 133
14 102
161 116
34 192
59 129
167 61
79 12
X
70 18
45 110
34 109
100 111
81 1
119 37
193 174
141 93
66 49
140 155
158 139
118 163
158 19
136 167
116 8
188 118
77 12
67 138
69 131
18 179
57 109
179 158
114 83
12 153
75 147
188 151
160 53
141 194
172 178
68 36
146 130
44 163
41 147
177 132
180 83
182 35
64 189
92 118
59 62
77 174
15 77
10 46
157 193
148 9
104 47
34 145
7 113
186 102
68 134
150 76
104 108
X
48 163
78 56
142 143
145 106
121 108
50 55
150 115
X
120 145
67 33
179 39
179 77
6 123
186 154
106 13
67 32
179 102
16 46
24 136
55 35
150 161
137 98
149 78
97 12
188 14
33 192
150 95
164 169
176 59
171 41
91 24
52 127
75 157
34 33
17 124
99 134
138 112
47 53
152 135
92 190
28 40
151 41
64 143
136 132
130 2
52 147
88 121
86 195
167 181
74 29
12 139
42 39
19 101
X
120 140
37 171
121 126
41 91
5 190
55 146
128 45
152 82
160 51
20 119
167 60
136 73
137 114
194 50
173 197
77 119
191 188
117 80
94 91
125 76
24 195
124 45
106 127
109 123
144 180
96 30
182 94
104 72
149 8
182 122
125 119
4 94
10 84
127 171
11 10
142 57
172 52
114 24
94 41
194 89
66 158
44 162
84 27
128 179
176 16
147 22
52 139
X
76 87
107 13
161 189
13 191
28 114
140 11
51 32
53 33
68 172
51 139
11 92
122 23
78 151
180 72
136 127
70 127
38 114
120 122
53 176
14 93
7 84
126 45
149 75
16 70
5 151
193 19
100 12
98 159
60 163
96 54
147 130
103 164
X
85 105
91 154
10 51
112 175
71 60
49 158
52 158
158 62
169 48
183 48
176 138
28 136
123 113
192 12
189 104
X
73 147
74 57
33 152
38 192
69 8
158 4
185 167
52 114
23 32
X
187 170
160 127
134 54
40 74
10 26
112 113
80 14
56 187
55 67
143 148
188 137
110 112
148 103
55 78
40 166
51 84
87 162
56 78
81 4
88 125
120 149
127 27
139 9
191 126
77 151
20 186
94 133
188 154
121 194
177 60
193 186
56 167
62 97
12 90
121 144
32 89
181 92
154 43
132 103
41 2
25 151
63 177
70 190
77 186
92 133
56 86
134 100
130 159
173 33
103 111
161 195
26 47
167 100
54 107
111 175
147 117
55 101
83 72
149 18
117 25
129 50
32 152
X
193 127
159 95
34 64
86 169
169 192
52 69
70 19
134 170
168 119
154 95
70 93
64 96
87 20
46 69
162 78
175 108
127 123
88 97
41 156
51 34
X
19 8
23 61
174 154
182 124
11 6
9 52
90 8
93 183
191 4
69 70
62 130
155 2
105 182
X
138 9
125 123
20 104
85 19
29 109
118 39
137 104
55 3
144 31
146 120
161 96
108 55
71 148
144 182
19 115
57 179
134 57
97 194
22 150
179 80
104 61
54 173
127 45
95 99
153 86
64 144
74 65
180 52
49 7
136 75
190 115
161 133
122 78
43 124
114 167
40 31
178 133
171 21
64 73
92 182
124 78
103 24
147 190
76 46
118 51
107 87
132 56
133 114
37 88
169 62
153 31
158 5
104 147
56 113
68 175
45 82
27 97
61 129
139 162
112 118
169 140
59 163
77 122
187 65
109 35
190 106
132 159
164 6
70 40
131 41
X
99 8
167 87
12 146
75 178
63 129
9 98
27 12
28 94
193 130
66 17
130 65
95 62
132 126
32 31
192 172
16 69
42 181
79 74
159 167
142 184
120 131
14 67
155 193
4 77
65 49
136 148
55 40
34 186
114 10
168 159
144 188
41 194
23 192
128 89
118 184
65 121
109 100
17 80
181 190
143 39
70 128
74 163
173 31
138 72
49 5
104 144
67 116
X
83 74
X
192 189
91 133
38 112
103 48
107 60
150 185
140 164
166 155
112 189
38 91
133 40
43 98
101 193
X
125 79
160 121
160 63
155 14
40 165
152 37
X
182 52
X
188 41
134 148
66 182
139 81
79 73
67 160
60 61
127 97
183 136
131 57
145 197
114 86
166 174
59 161
15 192
142 31
63 115
92 138
53 84
61 95
195 116
160 56
129 153
9 50
74 60
76 160
134 126
38 69
5 100
90 169
16 51
5 101
191 2
173 6
79 138
158 39
133 110
105 47
21 26
23 165
X
119 28
X
23 12
161 93
119 70
45 134
15 89
173 190
78 29
142 181
72 147
71 131
88 158
26 45
16 27
10 28
183 181
191 90
76 105
38 37
148 164
119 152
51 147
128 52
138 11
104 91
91 189
X
52 176
164 86
110 17
24 127
193 20
69 105
96 33
38 144
53 171
109 118
170 138
170 26
107 189
44 137
2 176
25 185
55 76
104 132
11 149
3 95
X
138 181
156 10
30 110
X
90 51
91 131
X
5 173
133 132
190 174
33 103
17 57
69 72
X
72 139
123 104
194 90
47 9
49 85
86 93
12 76
74 126
147 170
175 162
133 192
87 34
142 104
158 18
64 72
13 102
21 60
165 89
71 194
82 73
X
159 153
100 165
188 35
13 93
108 74
124 71
120 147
94 32
6 132
X
86 124
98 173
20 36
152 39
70 46
65 36
13 192
88 113
106 38
117 140
X
123 56
55 18
181 2
12 36
120 43
105 190
105 179
189 160
93 108
68 182
84 98
123 172
33 161
16 108
1 40
112 132
57 191
55 74
33 91
137 75
97 190
174 155
160 61
19 191
170 123
44 47
131 110
40 162
89 4
78 38
71 103
37 76
78 127
150 75
147 9
192 10
154 94
102 88
175 6
X
156 154
130 3
7 27
30 186
45 133
169 53
197 182
169 49
85 81
191 19
84 30
195 57
98 7
9 112
49 88
53 138
44 43
82 88
69 4
128 189
43 62
106 144
54 20
110 13
19 62
50 30
66 14
33 163
44 70
61 179
177 197
120 126
104 49
156 142
23 194
78 46
84 105
194 2
73 163
66 74
31 26
102 7
71 37
179 29
179 69
24 65
129 165
97 80
42 136
11 176
111 138
124 132
151 90
57 187
151 16
193 60
118 80
5 149
122 10
59 85
53 179
172 108
119 153
146 145
67 102
188 119
7 11
6 171
118 47
149 65
49 42
91 197
182 183
90 183
X
42 96
49 14
146 143
141 145
18 156
15 188
135 121
84 138
47 51
151 28
61 156
129 192
28 49
133 150
16 72
138 41
16 175
156 177
137 70
126 113
105 58
46 38
79 159
135 98
73 128
182 91
31 106
89 120
45 5
109 15
27 123
165 118
187 166
165 76
175 102
121 149
180 39
170 90
97 54
92 196
47 48
64 75
141 56
12 181
X
178 95
61 93
46 86
102 152
81 89
66 37
191 179
76 49
157 191
46 42
179 109
35 77
132 156
17 67
91 2
151 93
191 177
192 32
51 44
31 52
136 74
137 141
160 129
173 12
103 60
38 126
32 51
158 60
167 177
110 55
55 42
18 176
103 182
183 179
53 187
141 71
48 10
66 177
25 136
151 168
38 184
76 32
49 106
161 110
179 104
83 86
59 83
55 179
120 163
72 162
8 13
63 128
30 75
161 15
X
159 18
172 192
102 69
154 91
136 77
129 179
23 16
106 18
21 9
137 95
114 178
X
147 64
74 89
193 117
54 139
189 100
175 8
31 51
182 181
150 19
14 128
22 141
66 168
178 83
191 50
167 29
5 154
141 70
178 78
154 37
7 110
158 121
192 90
52 115
191 52
X
131 111
174 32
33 123
148 77
104 142
121 129
X
89 193
82 90
36 107
50 157
114 179
15 76
190 49
109 163
63 116
93 136
122 145
112 33
129 51
172 49
28 52
87 125
177 144
22 5
136 170
103 127
178 154
172 161
53 30
32 5
10 2
26 194
X
135 72
182 186
146 144
16 155
178 131
193 90
138 20
94 79
X
111 122
32 192
90 52
91 118
140 12
77 150
54 50
175 133
X
48 50
76 96
90 192
128 85
25 129
195 60
42 62
10 147
7 167
110 160
27 171
183 105
141 177
149 162
33 56
115 12
188 152
91 51
128 63
170 74
148 131
88 123
89 109
68 193
67 169
6 11
95 69
24 181
148 181
83 4
147 92
24 138
145 18
41 160
105 154
119 26
124 100
24 121
100 24
161 38
8 84
13 47
75 32
135 132
167 197
77 105
53 36
87 32
X
135 128
104 33
87 81
23 182
160 192
106 124
X
195 128
177 27
44 179
136 112
90 184
178 72
16 178
181 179
55 188
176 91
171 12
141 147
50 75
42 183
163 75
X
9 102
65 14
126 4
59 156
90 147
97 69
103 158
80 46
129 91
167 28
162 40
118 83
171 106
179 48
78 105
105 144
162 153
30 5
5 174
104 32
63 95
158 129
41 86
X
116 47
169 60
127 11
128 31
152 19
8 74
183 155
126 121
12 148
105 159
71 146
166 104
58 61
94 132
75 179
102 8
183 153
160 31
99 110
19 167
141 55
138 177
17 43
189 12
173 162
137 144
25 169
4 95
42 123
61 147
171 28
144 123
158 21
28 80
33 195
112 36
70 16
151 29
72 135
113 150
77 16
3 184
36 149
175 130
134 138
22 34
19 18
165 6
54 109
67 121
94 31
84 89
183 143
103 47
142 119
42 160
31 94
20 166
25 86
52 55
83 68
57 181
169 50
162 191
13 128
13 132
63 188
65 182
9 166
74 131
187 143
123 86
143 67
61 94
111 179
X
5 117
102 68
79 121
138 119
172 38
20 35
23 83
168 134
194 93
88 170
4 40
98 52
35 154
167 46
88 54
51 137
28 98
102 24
X
157 144
148 143
130 179
X
171 46
135 22
67 34
182 118
40 63
119 27
111 113
175 134
114 28
55 150
67 132
177 96
146 77
6 131
47 123
27 40
94 89
103 92
30 73
17 191
11 91
57 58
81 27
11 128
57 24
51 78
127 23
68 136
158 30
86 168
101 63
X
27 81
17 174
169 181
97 97
110 130
191 89
X
X
X
32 103
4 123
19 169
156 49
72 152
112 131
91 43
137 156
14 129
143 57
180 122
110 39
68 72
158 120
94 40
56 114
21 28
134 192
69 6
187 68
190 102
155 39
66 3
183 102
178 76
13 55
145 32
4 26
152 95
97 167
86 141
6 30
139 184
69 71
15 189
40 27
138 169
42 66
X
X
52 125
85 71
122 60
103 28
62 3
161 94
124 91
179 183
58 139
124 113
166 60
X
103 160
56 164
13 45
106 15
143 53
35 54
113 10
101 12
155 53
50 40
90 109
22 140
73 60
17 122
63 93
168 132
138 121
79 49
32 195
133 38
52 154
193 195
66 176
96 14
88 94
169 100
88 99
147 114
87 189
91 122
120 69
50 88
90 180
143 43
172 29
159 124
83 77
124 60
32 187
86 142
34 74
53 87
56 134
91 40
187 165
119 191
97 98
141 76
169 197
106 140
48 171
157 49
45 104
156 5
97 63
45 7
166 178
13 54
36 173
159 170
165 169
107 181
197 57
71 134
21 67
129 46
66 20
173 188
162 115
189 142
128 100
72 127
98 111
64 5
18 73
X
55 15
70 135
169 107
X
116 144
97 84
192 2
129 4
192 159
194 144
53 113
X
32 170
92 174
77 157
21 104
164 56
127 10
128 84
138 108
56 157
42 133
134 113
162 96
29 150
192 142
115 167
194 60
101 60
190 104
44 36
194 30
79 46
152 54
11 76
40 15
63 3
148 93
12 14
186 141
41 96
13 80
37 91
90 148
177 62
194 48
111 134
99 130
74 158
23 166
55 73
88 68
145 118
X
110 111
129 89
41 112
137 12
157 9
166 173
X
8 76
177 194
136 146
63 45
41 74
16 179
33 181
81 32
40 164
121 109
99 109
71 191
107 74
187 141
29 104
145 20
141 195
X
54 170
26 49
184 28
153 52
100 149
169 19
85 93
71 71
43 82
169 178
110 85
135 122
65 156
62 61
23 86
178 4
X
190 101
51 174
31 116
86 28
48 104
139 180
38 42
103 149
65 71
87 18
38 30
92 175
178 123
150 180
131 188
122 56
64 145
78 49
180 76
38 29
64 192
X
91 112
161 120
148 95
188 157
74 59
94 189
X
X
170 133
75 102
159 104
52 40
32 64
178 122
66 102
25 148
159 60
90 123
67 158
133 126
114 163
160 167
X
120 195
178 35
X
167 30
164 78
102 106
194 178
78 129
147 162
69 5
56 62
195 129
162 194
183 196
117 93
13 72
125 97
X
109 31
124 23
99 108
5 75
50 113
50 151
67 139
184 143
152 164
71 136
169 47
193 144
143 106
27 73
45 107
86 196
28 27
13 52
99 158
176 155
X
X
92 43
83 162
179 154
42 86
79 122
28 127
75 98
6 102
89 7
112 186
115 52
24 21
126 50
81 56
27 172
12 105
112 110
96 63
138 42
76 150
142 83
92 69
118 144
173 20
95 13
43 128
X
93 107
X
146 53
181 194
146 106
68 47
180 36
76 161
125 36
155 84
81 129
41 5
150 17
98 51
35 108
60 8
168 176
83 71
68 117
144 197
147 40
81 29
167 194
67 20
53 190
127 86
30 150
67 17
87 82
26 80
33 63
106 62
27 119
64 7
178 169
39 15
114 93
121 74
X
147 182
61 128
155 1
67 135
104 99
147 161
X
X
22 83
179 108
109 130
56 179
135 130
4 139
23 8
X
81 59
70 102
54 125
X
165 2
185 77
90 167
148 56
161 42
108 161
132 115
139 89
104 174
62 59
69 132
27 42
99 12
56 75
172 179
11 180
100 16
191 77
187 18
72 189
134 146
171 191
94 195
132 155
195 183
47 110
51 74
53 4
101 111
51 28
75 137
120 133
196 30
23 26
14 119
170 21
X
150 118
83 83
188 156
156 61
115 86
55 163
168 41
189 178
128 154
53 104
146 166
142 45
125 176
147 148
131 156
170 178
53 6
128 38
109 84
37 144
X
53 54
87 163
65 171
110 190
104 35
77 121
39 41
61 175
99 17
1 176
161 127
125 58
156 179
86 161
X
151 182
11 36
125 39
72 126
189 65
160 57
36 181
54 14
194 32
53 27
150 16
171 53
188 90
188 66
62 180
19 125
85 161
X
138 75
56 67
139 83
56 68
30 163
166 171
101 172
157 53
72 188
18 135
184 139
140 183
124 109
32 26
145 54
44 135
186 65
42 50
36 146
175 95
24 134
77 161
X
81 30
108 127
53 15
112 112
121 13
2 132
49 3
41 195
180 81
169 191
40 124
103 143
151 176
118 85
147 93
183 185
97 19
160 11
21 147
131 112
14 76
162 42
168 160
9 26
43 66
77 188
19 61
147 37
171 123
8 46
126 70
21 152
87 58
121 162
106 31
43 162
8 77
47 119
169 194
180 94
51 115
29 114
193 59
146 147
117 186
133 105
114 166
X
113 26
189 78
4 43
141 16
79 27
159 139
68 194
143 40
187 157
190 119
145 114
X
64 2
192 115
21 62
10 146
29 33
50 164
165 87
6 27
33 105
71 91
106 17
42 17
106 64
12 152
42 70
33 49
167 88
16 103
73 91
78 150
175 131
74 160
47 120
23 134
49 87
154 93
54 187
66 179
70 162
162 121
30 29
X
79 161
44 77
154 92
65 77
128 2
X
91 92
32 186
28 79
87 109
X
32 163
71 87
36 174
118 193
13 136
158 15
114 80
134 22
84 104
66 172
176 61
103 106
59 1
74 33
24 83
85 143
106 55
122 123
104 107
76 27
27 114
137 150
159 52
171 181
69 86
94 42
83 73
X
90 43
44 155
189 106
24 25
22 104
28 44
153 93
155 10
180 92
194 87
138 156
123 161
34 27
120 148
148 18
176 79
24 78
63 1
64 190
122 146
64 180
100 92
6 104
25 42
12 151
164 170
142 94
2 192
151 7
102 92
137 72
112 121
151 6
40 87
193 114
98 68
74 97
61 4
29 26
132 168
135 20
107 39
192 183
70 59
30 94
14 39
91 184
91 107
49 166
157 195
86 8
42 15
46 119
39 144
20 153
88 35
41 10
69 168
185 136
141 175
71 38
107 190
34 148
78 126
29 138
142 194
13 181
135 138
109 59
79 3
X
28 174
X
1 95
102 173
188 11
66 72
179 27
171 145
7 75
152 20
73 86
134 72
X
46 43
123 110
159 110
183 124
55 187
141 121
57 182
140 72
34 51
125 38
93 138
179 31
24 81
82 49
53 150
191 186
52 84
119 162
92 62
190 156
147 158
15 48
35 31
158 137
38 36
31 95
122 130
173 18
170 183
167 32
30 121
80 127
4 117
107 58
40 142
118 84
138 111
170 121
55 171
70 3
72 166
105 101
51 120
5 184
11 77
136 72
120 120
45 6
124 176
53 115
64 177
126 2
13 38
42 7
7 112
124 182
49 16
85 137
116 10
193 22
118 191
81 77
118 43
145 68
35 32
21 102
149 89
141 82
130 154
56 60
24 185
104 158
66 15
136 144
X
53 3
172 26
133 111
120 70
84 76
194 52
182 29
90 197
X
33 7
136 150
X
51 138
160 190
156 123
126 131
178 121
12 147
57 76
104 164
193 96
103 64
179 92
161 136
56 166
11 80
179 54
28 42
9 131
22 152
184 196
122 74
42 125
10 30
96 32
81 126
183 49
86 111
76 28
55 77
87 192
78 99
192 22
150 160
11 78
87 35
46 2
X
44 165
155 68
157 69
98 165
115 91
103 147
171 20
165 176
88 8
21 27
X
158 20
88 196
92 184
76 1
101 28
125 59
35 49
191 57
120 60
53 5
16 71
151 167
48 2
191 130
54 163
178 20
176 132
126 47
108 124
67 46
177 102
68 46
66 181
50 192
14 69
95 158
107 123
5 25
159 105
118 92
128 153
101 19
88 69
89 57
176 168
X
163 106
38 63
33 88
94 90
25 15
3 25
152 133
25 195
40 76
X
6 186
1 92
139 96
105 161
20 116
14 133
142 197
X
11 168
93 67
73 63
44 49
X
8 12
141 59
13 56
188 22
161 138
145 131
157 8
169 106
164 159
143 145
139 152
9 84
122 76
51 20
59 160
136 123
134 188
107 124
79 178
193 21
182 190
18 119
145 22
17 7
112 35
178 27
X
185 155
187 104
29 136
69 75
27 78
105 164
7 87
122 12
122 14
95 97
78 54
49 89
111 171
16 156
180 190
96 68
111 31
44 95
163 169
X
78 145
188 172
57 22
64 94
139 103
31 192
116 51
52 18
56 84
85 30
63 15
66 77
51 176
62 177
138 180
194 179
X
48 167
121 193
130 50
98 31
139 99
120 9
91 155
126 46
120 132
2 41
193 118
193 178
75 121
168 38
4 146
23 68
76 86
78 106
167 4
158 3
142 123
133 98
185 143
107 19
105 39
173 142
24 115
130 188
128 71
91 130
40 36
75 180
14 38
44 37
105 64
X
52 20
171 38
32 17
67 37
X
138 16
118 105
30 195
21 155
38 196
136 16
X
9 103
9 104
28 81
44 6
10 153
94 192
26 16
103 152
53 21
195 126
135 167
188 141
118 94
141 58
124 90
87 154
74 5
136 128
136 9
116 70
189 81
113 148
97 158
170 46
79 176
48 151
41 94
86 19
40 88
81 139
165 183
164 153
144 52
110 88
166 132
13 48
35 73
117 37
59 157
11 14
169 195
162 10
152 52
114 82
101 64
119 59
38 116
29 174
30 72
158 108
138 24
139 73
64 182
103 140
69 88
164 152
37 75
32 65
146 188
167 2
164 174
78 178
195 189
61 190
134 55
116 141
93 111
123 158
117 28
93 40
49 171
147 106
106 16
170 61
43 122
20 192
40 147
31 146
175 101
191 5
110 134
110 86
94 83
53 28
184 39
29 117
21 21
14 176
132 167
18 190
156 52
62 32
185 88
74 190
141 42
103 172
22 102
178 26
152 94
147 90
181 39
180 193
193 52
136 110
55 102
95 12
171 110
3 177
148 150
123 59
115 50
31 148
59 2
189 129
146 75
150 159
5 177
125 13
124 30
30 31
181 185
45 109
128 62
178 38
27 165
194 130
69 87
180 109
90 4
120 162
143 149
32 172
94 131
14 137
148 167
78 12
7 166
116 175
177 71
32 190
30 46
114 176
195 95
82 136
55 158
105 24
145 123
188 38
116 6
30 76
137 100
75 189
141 148
181 82
183 108
63 190
133 113
182 117
117 185
170 62
53 144
85 136
70 119
20 151
24 128
132 62
17 46
159 15
42 90
75 120
79 174
48 150
146 64
170 181
141 96
111 74
74 90
71 76
166 84
74 88
83 50
148 118
111 36
182 26
44 122
2 43
36 19
32 33
136 168
16 115
42 112
142 89
172 61
7 50
83 47
136 138
156 3
76 6
53 167
173 191
174 78
50 170
165 75
33 183
160 128
186 101
25 183
38 41
44 160
189 18
84 139
58 137
51 188
104 90
8 14
149 114
1 178
142 96
25 16
75 176
15 80
42 98
83 69
42 88
27 169
136 90
20 125
41 28
124 174
121 57
29 135
104 60
189 10
97 67
132 54
80 34
6 47
169 57
16 133
24 169
117 164
1 41
5 73
87 148
193 95
158 109
154 69
97 191
189 155
42 115
57 75
42 89
68 58
26 134
174 194
168 59
90 149
169 21
146 58
87 108
27 83
98 130
147 78
112 185
31 150
126 67
20 165
105 100
9 146
84 97
132 40
160 123
98 175
114 94
32 66
55 48
13 134
14 134
49 105
27 141
173 63
97 18
16 176
127 121
19 20
143 196
148 148
93 81
78 34
55 116
145 117
152 89
93 110
103 181
59 159
157 63
129 161
41 182
89 175
65 18
98 97
4 179
13 68
116 86
125 45
156 101
82 1
31 104
106 159
121 56
162 189
75 166
180 181
75 96
14 46
86 32
69 91
20 117
17 24
5 146
101 8
149 171
62 93
76 80
32 105
169 91
69 92
98 131
44 48
78 148
53 145
32 20
150 78
186 143
196 56
167 191
174 6
144 36
68 40
100 153
41 9
108 168
197 60
102 133
28 78
116 69
50 90
185 166
8 61
141 149
177 30
16 76
182 96
91 132
54 150
70 88
51 145
132 189
96 62
123 28
57 110
115 82
62 11
53 146
88 111
154 88
12 93
128 65
5 104
81 87
143 94
78 176
172 21
150 166
140 94
176 78
24 16
103 101
79 160
183 122
90 120
195 146
11 175
28 167
65 105
48 153
63 127
182 137
160 193
119 158
24 125
155 146
92 180
110 185
121 141
191 82
109 162
161 191
18 187
132 42
111 148
54 104
178 132
29 170
191 156
177 16
181 119
104 130
21 61
135 141
73 149
171 176
5 194
166 176
141 83
19 21
180 95
20 149
190 126
183 54
147 18
6 182
105 72
9 5
24 24
44 63
119 167
189 127
97 195
141 94
146 59
44 114
20 191
65 47
45 119
92 173
135 105
194 189
104 127
156 1
98 166
175 83
43 2
93 66
179 101
87 10
19 192
20 100
89 51
42 134
88 51
99 92
60 130
9 167
46 63
5 21
44 112
22 103
122 149
53 20
122 24
30 30
145 31
170 141
31 163
189 114
175 132
27 121
177 158
70 2
119 52
7 121
161 10
118 49
187 100
136 126
43 10
190 22
173 51
20 150
25 50
84 90
119 185
80 4
33 190
82 77
166 133
145 190
21 85
125 31
55 51
17 6
70 49
146 134
20 156
60 6
150 18
189 118
11 179
137 105
116 179
100 189
138 90
122 30
4 141
76 148
71 5
33 26
130 165
142 16
110 87
13 108
72 191
144 39
40 19
57 136
107 55
78 50
188 116
16 118
40 44
146 102
98 12
163 86
122 84
44 2
161 173
45 155
13 71
22 100
42 91
86 30
102 130
190 167
46 110
30 64
1 94
124 181
37 139
61 6
53 48
31 126
64 146
70 47
153 169
188 9
45 10
119 60
119 51
158 1
169 87
164 167
84 77
14 132
39 27
178 134
2 95
13 14
5 99
88 95
88 96
79 14
157 155
93 93
172 182
64 120
84 87
106 68
131 56
107 191
80 38
154 39
179 95
157 196
186 92
97 192
102 149
108 112
126 30
61 178
54 144
169 26
190 52
147 59
20 169
177 134
42 137
71 105
30 192
52 104
150 182
192 36
138 114
25 116
11 132
105 140
93 43
109 134
190 100
190 170
172 8
177 101
63 49
192 56
138 43
38 113
147 183
51 175
16 57
138 163
110 171
160 189
81 127
91 93
87 112
187 106
103 148
172 183
108 86
13 180
141 80
129 28
66 163
54 191
187 19
125 78
43 157
119 164
184 35
151 185
92 136
33 28
188 155
137 18
155 83
116 142
61 7
34 137
182 54
23 139
12 128
155 15
156 54
12 86
17 42
104 154
30 119
107 127
186 151
4 122
11 167
182 136
179 78
169 72
148 76
36 53
43 123
75 88
61 62
25 81
190 130
50 124
116 167
156 178
90 9
76 122
108 159
15 67
153 57
33 94
117 43
39 169
10 141
123 152
147 39
192 88
95 157
71 7
9 110
41 66
33 97
56 156
27 135
17 25
118 108
156 53
170 180
85 158
106 186
29 169
56 61
58 136
19 100
67 31
170 38
127 125
55 50
194 29
5 176
78 101
49 110
149 181
175 10
146 57
33 87
15 102
89 157
40 91
11 87
1 177
145 119
152 180
24 147
180 101
103 134
156 157
118 53
189 41
190 48
185 92
16 102
166 100
66 34
197 179
170 53
75 27
109 101
97 85
118 28
24 26
30 116
59 127
90 40
181 48
167 5
16 153
9 165
76 149
103 179
136 100
103 144
123 84
158 40
40 192
157 13
36 51
149 160
111 150
195 114
134 150
69 190
73 131
128 156
103 154
162 14
54 176
95 136
100 130
11 39
53 75
61 2
35 186
55 49
138 120
155 41
168 192
53 89
133 139
97 164
67 103
176 119
191 127
109 39
145 120
34 126
63 97
169 109
162 8
191 195
34 135
19 104
49 108
30 65
152 85
147 68
185 141
61 96
132 64
36 137
31 114
121 60
178 130
177 92
165 195
22 24
99 112
193 56
68 75
83 44
127 1
166 170
27 72
101 88
15 137
90 181
190 192
109 149
77 36
176 104
91 123
137 167
166 181
188 115
31 98
162 13
76 38
23 87
26 183
149 158
146 55
13 69
6 15
118 164
171 74
94 33
170 88
80 136
137 153
20 60
74 58
163 110
110 150
119 144
162 129
176 60
68 131
184 36
4 150
175 146
92 25
25 17
88 72
168 104
31 162
79 34
150 93
99 189
40 17
161 40
108 190
24 135
6 21
54 127
142 32
184 30
154 50
167 104
55 153
110 187
12 40
153 88
40 175
40 171
48 157
180 183
51 75
127 172
15 93
44 183
14 37
33 90
149 185
117 47
26 129
71 86
121 151
36 170
3 171
87 114
18 167
114 81
66 160
85 72
62 34
144 145
117 163
135 110
103 108
31 63
71 70
85 156
33 89
65 163
92 68
173 64
166 160
118 161
175 138
153 137
26 192
169 41
91 119
19 152
138 21
69 172
139 75
172 177
71 151
118 160
96 18
26 81
51 48
27 16
32 173
45 70
8 11
119 165
49 48
18 137
59 8
137 147
147 21
162 9
23 28
110 56
41 87
177 31
120 12
43 116
29 95
28 166
115 84
11 12
41 144
86 123
29 8
110 16
60 89
171 121
76 29
106 51
98 132
115 25
64 16
93 189
162 172
43 160
118 187
55 14
134 102
63 170
78 125
72 86
111 39
125 9
165 161
34 31
175 196
53 40
76 50
68 48
2 91
165 167
101 134
173 164
18 136
160 42
21 25
122 113
118 93
51 17
94 138
161 171
133 167
163 77
90 175
108 35
77 102
119 166
74 92
106 141
94 25
75 164
137 91
78 157
188 37
10 139
61 97
161 36
53 158
93 182
42 76
2 190
108 169
159 29
111 142
9 129
74 127
184 31
3 192
6 117
43 96
8 122
23 169
111 185
4 194
192 157
81 57
110 159
10 29
78 97
17 48
26 136
121 37
91 90
180 194
107 188
129 62
117 187
80 1
190 160
43 9
99 14
38 64
193 179
171 31
170 108
2 163
169 31
34 75
12 131
69 90
40 113
148 130
105 28
97 99
48 155
77 58
45 158
184 193
9 3
20 123
104 148
3 174
170 188
190 169
122 27
69 20
76 7
4 171
181 183
128 182
118 107
146 164
91 175
132 65
53 17
178 105
153 133
141 77
38 125
43 36
42 46
175 12
28 165
87 17
102 154
13 137
106 72
196 29
134 167
97 193
98 69
119 67
112 37
67 175
50 76
132 58
189 156
41 128
98 6
98 133
177 29
117 84
141 73
30 89
183 138
195 144
49 41
182 95
64 97
125 8
67 15
194 5
76 82
185 90
162 110
78 32
23 66
16 74
65 34
126 180
94 140
148 169
156 56
191 3
151 179
67 106
7 150
139 80
13 104
153 43
104 51
64 11
194 81
23 136
124 88
31 89
93 133
137 10
149 21
78 82
115 93
66 39
19 17
37 136
88 124
124 76
117 82
80 138
113 142
10 49
104 140
121 195
23 62
75 91
145 148
191 189
165 152
151 38
5 137
30 45
119 56
147 65
33 20
52 100
110 110
147 119
96 65
31 161
195 29
174 51
161 115
56 4
160 105
3 138
25 119
75 132
102 110
120 154
9 48
109 150
101 13
57 20
8 121
87 21
54 7
64 46
167 59
157 157
75 136
13 106
30 90
96 31
123 109
99 27
12 88
95 156
88 30
118 82
113 7
170 40
54 120
50 163
55 44
94 136
8 165
131 113
38 52
24 126
112 178
170 132
127 47
66 46
52 116
184 29
20 34
11 146
181 122
92 22
40 43
15 134
107 122
17 115
145 189
153 135
157 142
43 125
14 51
189 102
42 69
88 71
1 42
166 82
4 182
141 53
29 171
159 75
25 87
181 81
134 58
71 190
184 138
65 162
63 46
146 103
107 73
146 68
123 149
44 164
155 105
143 56
178 36
146 54
190 8
165 182
105 123
50 86
189 170
169 108
113 28
122 107
1 165
67 119
29 162
131 51
53 147
65 114
141 54
167 176
159 172
82 143